217 230 230 236 227 175 121 89 90 122 177 228 236 230 230 218
224 255 255 199 80 32 28 30 30 28 33 81 202 255 255 233
224 255 166 30 25 30 35 35 30 32 30 24 31 170 255 233
230 195 60 102 66 98 38 38 87 64 91 78 112 54 198 239
219 74 67 116 132 114 59 37 156 140 111 105 112 34 81 230
167 25 54 102 65 97 32 31 73 82 90 64 66 28 29 181
108 65 108 102 103 102 106 106 102 102 102 103 104 109 62 123
73 160 255 255 255 255 255 255 255 255 255 255 255 255 155 87
73 160 255 255 255 255 255 255 255 255 255 255 255 255 155 87
108 65 108 104 103 101 101 102 102 102 103 101 104 108 62 123
167 28 24 51 97 84 75 92 89 98 77 104 39 25 28 180
219 78 23 77 116 118 166 92 92 127 92 160 53 25 81 230
230 197 32 53 104 75 84 64 61 103 79 72 44 34 199 239
224 255 166 33 24 32 30 32 33 31 32 25 35 169 255 234
224 255 255 197 78 32 29 31 31 29 33 80 200 255 255 233
215 225 224 231 220 167 111 81 81 112 169 220 231 224 225 218
