185 202 201 206 203 161 109 79 78 107 159 203 207 201 202 186
198 255 255 220 103 41 32 33 33 32 40 97 215 255 255 198
201 255 192 47 21 34 33 34 31 32 34 25 43 186 255 201
205 218 114 136 98 135 100 80 132 104 127 125 142 110 212 205
204 101 110 125 185 118 139 92 188 181 126 140 134 60 94 201
168 39 69 105 51 103 64 48 69 77 95 76 62 41 38 159
117 64 151 147 150 147 149 151 149 148 147 148 150 151 55 106
86 90 255 255 255 255 255 255 255 255 255 255 255 254 76 76
87 90 255 255 255 255 255 255 255 255 255 255 255 254 76 77
118 80 216 213 211 212 212 211 211 211 212 211 213 212 67 109
171 48 35 46 57 48 42 57 59 55 52 56 43 36 44 164
205 117 18 120 147 162 147 136 149 164 125 178 110 19 106 203
204 231 49 120 150 141 183 104 111 161 129 175 108 44 224 205
200 255 204 76 65 53 55 51 50 66 67 43 71 197 255 201
198 255 255 229 115 46 30 30 30 29 43 111 224 255 255 199
186 202 201 205 207 174 127 98 97 124 171 206 205 201 202 185
