255 255 255 255 201 104 31 0 0 31 104 201 255 255 255 255
255 255 238 94 2 0 0 0 0 0 0 1 94 238 255 255
255 239 72 3 1 19 3 3 3 3 15 12 5 75 239 255
255 95 85 93 98 92 68 71 101 95 90 102 127 47 95 255
202 1 89 63 156 43 92 63 136 157 59 91 98 18 1 202
110 0 54 59 22 70 22 23 30 44 61 39 31 8 0 110
38 14 146 157 157 154 158 158 157 156 155 157 159 151 14 38
1 33 245 255 255 255 255 255 255 255 255 255 255 245 33 1
2 33 245 255 255 255 255 255 255 255 255 255 255 245 33 2
42 11 137 143 140 139 142 139 139 139 140 138 144 136 11 42
116 0 0 39 60 54 30 70 72 68 49 69 16 0 0 116
207 6 0 89 95 134 129 80 84 124 87 152 50 0 6 207
255 109 0 76 96 77 111 65 61 109 84 95 45 0 109 255
255 244 75 0 13 4 2 2 2 11 11 2 0 75 244 255
255 255 245 111 5 0 0 0 0 0 0 6 111 245 255 255
247 247 249 254 204 113 41 6 6 41 113 204 254 249 247 247
