217 230 230 231 228 217 207 202 202 207 217 228 231 230 230 218
224 255 255 242 221 215 215 215 215 215 215 221 243 255 255 233
224 255 234 211 213 214 214 214 213 213 214 213 212 234 255 233
225 242 215 220 216 220 214 214 218 217 219 217 222 213 243 235
222 221 218 222 223 222 216 213 227 229 221 221 223 214 221 231
210 215 216 219 216 219 213 212 215 219 218 215 216 213 214 221
199 220 224 223 223 223 224 224 223 223 223 223 223 224 218 210
194 236 255 255 255 255 255 255 255 255 255 255 255 255 235 204
194 236 255 255 255 255 255 255 255 255 255 255 255 255 236 204
199 220 226 225 225 225 225 225 225 225 225 225 225 226 219 209
210 215 212 215 219 218 216 217 218 219 215 220 213 212 214 220
222 221 212 220 223 224 228 220 220 225 219 227 215 213 221 231
225 243 212 216 221 217 218 216 215 221 217 216 214 212 242 235
224 255 234 212 212 214 213 213 214 213 214 213 212 235 255 234
224 255 255 243 221 215 216 216 216 216 215 222 243 255 255 233
215 225 224 225 221 210 200 196 196 200 211 222 225 224 225 219
