217 230 230 236 227 177 123 93 93 124 177 227 236 230 230 218
224 255 255 200 84 38 34 36 36 34 38 86 203 255 255 233
224 255 168 36 31 36 41 41 37 38 36 31 37 172 255 233
230 196 65 105 71 102 44 44 91 69 95 82 114 59 200 239
219 79 71 118 134 117 64 42 157 142 114 109 116 40 86 230
168 32 59 105 70 100 38 37 77 86 94 69 71 35 34 182
111 70 111 106 107 106 109 109 106 106 106 107 107 113 67 126
77 162 255 255 255 255 255 255 255 255 255 255 255 255 158 90
76 162 255 255 255 255 255 255 255 255 255 255 255 255 158 90
111 70 112 108 106 105 105 106 106 106 107 105 108 112 67 125
168 34 30 57 100 88 79 95 92 100 80 108 44 31 34 181
219 82 30 82 119 121 168 95 96 129 95 161 58 32 85 230
230 198 38 58 108 80 89 69 66 107 83 77 49 40 200 239
224 255 168 39 30 38 36 38 39 37 38 31 40 171 255 234
224 255 255 199 83 38 35 37 37 35 39 84 201 255 255 233
215 225 224 231 220 168 114 85 85 115 170 221 231 224 225 218
