255 255 255 255 236 204 180 170 170 180 204 236 255 255 255 255
255 255 249 201 169 166 169 170 170 169 166 169 201 249 255 255
255 249 193 170 168 176 170 171 170 170 175 173 171 194 249 255
255 201 197 200 201 199 192 193 202 200 199 203 211 184 201 255
237 169 199 190 221 184 200 191 214 221 189 199 200 175 169 237
206 165 186 189 175 192 175 175 177 183 189 181 178 170 166 206
181 174 218 222 222 221 222 222 222 222 222 222 223 220 174 182
169 181 251 255 255 255 255 255 255 255 255 255 255 252 181 169
170 181 251 255 255 255 255 255 255 255 255 255 255 252 181 170
183 174 215 217 216 216 217 216 216 216 216 216 218 215 174 183
207 166 166 181 189 186 177 192 193 192 185 192 173 166 166 207
239 170 167 199 201 214 212 196 197 211 198 219 186 168 170 239
255 205 164 195 201 194 206 190 189 205 197 201 185 164 205 255
255 251 194 167 174 171 170 171 171 173 173 169 167 194 251 255
255 255 252 207 171 167 169 170 170 169 167 171 207 252 255 255
246 246 247 249 232 201 177 166 166 177 201 232 249 247 246 246
