249 251 251 251 251 247 243 240 240 243 247 251 251 250 250 249
250 255 255 252 242 237 237 237 237 237 237 242 252 255 255 250
250 255 250 238 236 237 237 237 237 237 237 236 238 249 255 251
251 252 243 245 242 245 242 241 245 242 244 244 246 243 251 251
251 242 243 244 249 243 245 242 249 249 244 245 245 239 242 251
248 237 240 242 238 243 239 238 240 240 242 240 239 237 237 247
243 239 247 246 246 246 246 247 246 246 246 246 247 247 239 243
241 242 255 255 255 255 255 255 255 255 255 255 255 255 240 240
241 241 255 255 255 255 255 255 255 255 255 255 255 255 240 240
243 241 252 252 251 251 252 251 251 251 251 251 252 252 240 243
248 238 237 238 239 238 238 239 239 239 238 239 237 237 238 248
251 243 236 244 246 247 246 245 246 247 244 248 243 236 243 251
251 253 238 244 246 246 249 243 243 247 245 248 243 237 252 251
251 255 251 240 240 238 239 238 238 240 239 238 240 250 255 251
250 255 255 253 243 238 236 237 237 236 238 243 252 255 255 250
249 251 251 251 251 248 244 242 242 244 248 251 251 251 251 249
