183 200 199 204 202 158 104 72 72 101 155 201 205 199 200 183
196 255 255 219 97 33 23 23 23 23 31 91 214 255 255 196
199 255 190 39 12 25 24 25 22 23 24 16 34 183 255 199
203 216 109 131 92 130 94 73 128 99 122 121 138 104 210 204
202 95 105 120 182 113 134 86 185 178 121 135 130 52 88 200
164 30 62 99 43 98 56 40 62 70 88 69 55 32 29 156
112 56 147 142 146 142 145 147 145 144 143 144 146 147 47 101
80 84 255 255 255 255 255 255 255 255 255 255 255 254 69 69
81 84 255 255 255 255 255 255 255 255 255 255 255 254 69 70
113 73 215 211 209 210 211 209 209 209 210 209 212 211 60 103
168 40 26 38 49 40 33 49 51 47 44 48 34 27 35 160
203 111 8 115 143 158 143 131 145 161 120 176 104 10 101 202
203 230 41 115 147 137 180 99 105 158 124 172 103 36 223 203
199 255 202 69 57 45 47 43 42 58 59 35 64 195 255 199
196 255 255 228 109 38 21 21 21 20 34 105 224 255 255 197
183 200 199 203 205 171 122 91 91 119 168 204 203 199 200 183
