255 255 157 122 139 144 140 147 145 149 153 154 148 135 240 255
255 255 140 227 186 158 235 188 231 214 182 159 237 175 222 255
255 255 145 205 119 144 166 72 144 159 114 171 250 174 223 255
255 255 146 195 133 193 145 123 82 151 117 182 255 174 222 255
255 255 145 218 135 109 199 157 170 160 137 133 221 175 220 255
255 255 145 216 216 212 226 230 228 234 221 236 224 169 218 255
255 255 146 213 127 88 112 206 92 183 140 156 164 173 216 255
255 255 146 221 105 56 66 183 71 128 205 83 237 168 214 255
255 255 145 222 120 130 93 137 146 117 206 131 242 165 211 255
255 255 144 213 204 213 201 199 230 212 221 207 233 161 206 255
255 255 143 209 231 232 234 235 239 164 129 227 233 159 203 255
255 255 145 208 141 115 114 113 115 79 0 68 190 162 199 255
255 255 146 207 57 8 10 11 12 13 1 4 131 161 194 255
255 255 141 202 195 189 191 192 198 131 29 157 221 158 190 255
255 255 133 201 214 214 214 213 216 185 188 215 213 156 184 255
255 255 157 110 118 121 121 118 119 121 121 119 120 116 218 255
