255 254 171 140 149 152 148 150 149 149 152 149 140 171 254 255
255 242 157 255 201 140 219 183 209 201 157 186 254 160 242 255
255 242 160 255 123 157 139 86 124 143 104 208 255 163 242 255
255 242 160 252 122 190 127 112 84 148 105 209 255 163 242 255
255 242 160 255 142 111 162 144 129 151 109 188 255 163 242 255
255 242 160 251 245 222 249 242 244 243 230 234 251 163 242 255
255 242 167 180 175 154 162 208 107 209 151 159 205 168 242 255
255 242 167 196 114 93 124 190 81 184 156 93 249 164 242 255
255 242 163 229 80 109 112 160 79 134 204 137 255 163 242 255
255 242 161 249 150 185 171 179 218 174 220 186 255 163 242 255
255 242 160 254 255 255 255 255 169 214 255 255 254 163 242 255
255 242 162 236 193 193 193 199 88 34 138 236 255 163 242 255
255 242 167 190 24 27 28 28 32 28 14 106 248 165 242 255
255 242 161 240 207 207 207 213 93 41 152 243 255 163 242 255
255 242 157 253 255 255 255 255 178 220 255 255 254 159 242 255
255 254 170 144 149 148 149 149 155 153 149 149 145 169 254 255
