255 255 178 154 164 164 159 162 160 161 165 165 155 177 255 255
255 250 159 255 203 200 245 218 233 231 190 186 248 160 249 255
255 249 166 227 138 143 190 88 162 176 116 191 251 164 249 255
255 250 168 206 173 183 168 120 90 181 113 208 255 163 249 255
255 250 165 243 133 134 206 174 138 183 124 164 242 165 249 255
255 250 163 255 234 231 244 246 243 242 230 228 241 165 249 255
255 250 165 237 142 117 147 226 105 212 158 170 203 168 249 255
255 250 164 252 96 70 115 187 78 194 163 123 255 164 249 255
255 250 164 255 108 146 121 142 150 142 204 171 255 163 249 255
255 250 163 255 218 236 216 216 255 219 235 229 255 163 249 255
255 250 163 255 255 255 255 255 243 135 223 255 255 163 249 255
255 250 165 246 166 159 160 161 159 49 47 168 250 164 249 255
255 250 167 234 47 29 32 32 33 34 19 49 215 168 249 255
255 249 164 252 228 226 226 227 220 59 100 229 255 163 249 255
255 250 159 255 255 255 255 255 246 194 251 255 255 159 249 255
255 255 178 154 158 158 151 148 145 154 159 158 154 178 255 255
