255 255 158 126 141 145 142 149 147 149 152 155 148 135 240 255
255 255 142 227 187 160 235 189 231 214 183 160 237 175 222 255
255 255 145 205 120 148 168 74 146 160 117 174 250 174 223 255
255 255 146 195 133 194 148 125 86 154 121 184 255 174 222 255
255 255 145 218 135 109 200 160 175 163 140 136 222 175 220 255
255 255 145 216 216 212 226 231 229 235 224 237 224 169 218 255
255 255 146 213 128 91 116 207 97 186 142 158 164 173 216 255
255 255 146 222 108 59 71 184 76 131 207 88 238 168 214 255
255 255 145 219 123 132 96 137 149 117 206 135 243 164 211 255
255 255 144 210 203 212 201 198 229 210 221 209 234 161 206 255
255 255 143 205 227 230 233 232 235 164 133 226 232 159 204 255
255 255 145 205 142 116 116 113 115 80 6 72 188 161 201 255
255 255 146 204 60 13 15 15 17 17 3 9 133 161 196 255
255 255 140 200 192 187 188 189 196 130 32 156 217 158 192 255
255 255 133 198 211 211 210 210 212 182 186 211 209 156 186 255
255 255 158 108 116 119 120 118 119 121 121 118 120 116 219 255
