255 255 157 122 138 143 139 147 145 149 153 154 148 135 240 255
255 255 140 227 186 158 235 188 231 214 181 159 237 175 222 255
255 255 145 205 119 144 165 72 144 159 113 171 250 174 223 255
255 255 146 195 133 193 144 123 82 150 116 182 255 174 222 255
255 255 145 218 135 109 199 157 169 160 136 133 221 175 220 255
255 255 145 216 216 212 226 230 228 234 220 236 224 169 218 255
255 255 146 213 127 87 111 205 91 183 140 156 164 173 216 255
255 255 146 221 105 56 65 183 70 127 205 82 237 167 214 255
255 255 145 222 120 130 92 137 145 115 204 130 242 163 210 255
255 255 144 214 204 213 202 200 230 211 221 207 233 160 205 255
255 255 143 209 231 233 234 235 240 164 129 227 233 158 202 255
255 255 145 209 141 114 113 112 115 79 0 68 190 160 199 255
255 255 146 207 57 7 10 10 11 13 1 3 131 161 194 255
255 255 141 203 195 190 191 192 199 131 29 157 222 158 190 255
255 255 133 201 215 215 214 214 217 185 189 216 214 156 184 255
255 255 157 110 118 121 121 118 119 121 121 119 120 116 218 255
