255 254 172 141 150 153 148 151 150 150 153 150 141 171 253 255
255 242 158 255 201 141 219 184 209 201 157 186 255 161 242 255
255 242 161 255 123 158 139 88 124 143 104 208 255 165 242 255
255 242 161 252 122 191 128 113 86 149 106 209 255 165 242 255
255 242 161 255 142 113 163 145 130 152 110 188 255 165 242 255
255 242 161 251 245 222 249 242 244 243 230 234 250 165 242 255
255 242 167 180 175 154 162 208 108 209 151 160 205 170 242 255
255 242 167 196 115 94 125 191 82 184 158 94 249 166 242 255
255 242 164 229 81 110 113 161 79 135 205 138 255 165 242 255
255 242 162 249 150 185 171 179 218 175 220 186 255 165 242 255
255 242 161 254 255 255 255 255 162 210 255 255 254 165 242 255
255 242 163 235 186 186 186 193 71 7 124 234 255 165 242 255
255 242 169 185 0 0 0 0 2 0 0 91 248 167 242 255
255 242 162 238 200 202 202 208 74 15 141 242 255 165 242 255
255 242 157 253 255 255 255 255 171 217 255 255 254 161 242 255
255 254 170 145 150 150 150 150 157 155 151 150 147 170 254 255
