255 254 170 139 148 151 147 149 148 148 151 148 139 170 254 255
255 242 156 255 200 140 218 183 209 201 157 186 255 159 242 255
255 242 160 255 123 157 138 85 123 143 103 208 255 162 242 255
255 242 159 252 122 190 126 111 83 147 104 209 255 162 242 255
255 242 159 255 141 110 162 144 129 151 109 188 255 163 242 255
255 242 159 251 244 222 249 242 244 243 230 234 251 163 242 255
255 242 166 180 175 153 162 208 106 209 151 159 205 167 242 255
255 242 166 195 113 92 123 190 80 183 156 92 249 163 242 255
255 242 163 229 80 108 111 160 78 134 204 137 255 162 242 255
255 242 160 249 150 185 171 179 218 175 220 186 255 162 242 255
255 242 159 253 255 255 255 255 166 212 255 255 254 162 242 255
255 242 161 236 190 191 192 197 81 24 132 235 255 162 242 255
255 242 167 189 13 17 18 17 23 17 3 100 249 164 242 255
255 242 161 240 204 204 205 211 85 32 149 243 255 162 242 255
255 242 156 253 255 255 255 255 175 219 255 255 254 158 242 255
255 254 169 144 148 148 148 148 154 152 148 148 144 168 254 255
