255 255 255 224 213 215 214 214 214 214 215 214 224 254 255 255
255 255 243 187 171 171 169 169 170 171 171 172 188 243 255 255
255 255 239 186 161 170 224 174 161 164 163 162 189 243 255 255
255 255 240 188 163 175 224 168 164 165 165 164 190 243 255 255
255 255 240 188 163 170 210 165 167 165 165 164 190 243 255 255
255 255 240 188 165 185 223 210 193 162 165 164 190 243 255 255
255 255 240 187 188 193 213 209 208 193 163 164 190 243 255 255
255 255 240 187 204 168 170 176 174 214 170 161 190 243 255 255
255 255 240 186 201 174 162 162 165 206 205 179 189 243 255 255
255 255 240 188 175 208 180 179 207 185 205 177 188 243 255 255
255 255 240 188 161 173 197 198 177 162 161 161 190 243 255 255
255 255 239 189 175 171 172 169 171 173 171 174 191 243 255 255
255 255 238 195 203 207 199 203 197 203 207 188 193 243 255 255
255 255 238 192 181 191 191 186 188 190 193 191 194 242 255 255
255 255 241 187 171 169 170 168 169 171 169 173 188 242 255 255
255 255 255 223 217 219 219 218 219 219 219 217 223 254 255 255
