232 123 93 95 92 88 88 94 95 97 97 98 97 98 172 250
156 0 0 0 17 157 147 8 0 0 0 0 0 0 33 216
152 0 0 0 38 247 174 11 0 0 0 0 0 0 30 211
152 0 0 0 17 216 43 0 0 0 0 0 0 0 31 211
152 0 0 22 85 208 174 144 140 22 0 0 0 0 30 211
152 0 34 206 127 186 199 158 161 131 48 0 0 0 30 210
151 0 162 162 0 49 80 79 75 128 203 13 0 0 30 210
151 0 174 146 0 0 0 0 0 61 190 137 26 14 28 209
152 0 53 220 114 23 8 24 119 212 70 198 154 44 25 209
153 0 0 37 148 178 172 178 147 36 0 7 0 0 29 209
153 0 19 48 24 38 68 50 28 36 37 32 39 0 29 209
154 0 61 118 116 141 140 154 132 125 162 145 99 8 28 209
155 0 23 17 39 80 61 65 60 65 65 57 60 2 29 209
153 0 0 0 41 105 139 147 98 37 110 1 0 0 28 208
178 4 0 0 20 78 65 83 85 42 44 0 0 0 54 214
248 195 169 170 167 164 163 162 163 167 164 168 167 168 204 244
