255 255 255 242 225 225 225 225 225 225 225 225 244 255 255 255
255 255 254 182 151 157 156 155 157 157 157 151 186 255 255 255
255 255 252 172 168 173 180 189 171 172 174 165 178 254 255 255
255 255 252 171 168 148 183 199 145 149 152 165 176 254 255 255
255 255 252 168 165 146 179 192 160 146 151 163 174 254 255 255
255 255 252 167 161 171 194 220 205 156 146 161 172 254 255 255
255 255 252 164 159 194 150 150 171 193 148 158 169 254 255 255
255 255 252 161 156 179 175 154 185 189 172 154 167 254 255 255
255 255 252 159 156 153 188 199 165 147 152 153 164 254 255 255
255 255 252 158 134 146 145 144 145 148 149 136 163 254 255 255
255 255 251 170 170 179 179 168 163 173 173 165 173 253 255 255
255 255 251 163 157 163 163 156 157 146 145 154 167 254 255 255
255 255 253 151 117 152 161 168 164 172 142 117 156 255 255 255
255 255 252 148 117 142 162 165 163 172 146 115 154 254 255 255
255 255 254 156 112 116 115 115 115 114 116 112 162 255 255 255
255 255 255 236 211 212 211 211 211 203 205 209 238 255 255 255
