227 170 158 159 159 158 155 159 159 159 159 159 159 158 169 226
179 111 115 115 114 125 154 120 114 115 115 115 115 115 111 177
178 115 119 119 115 156 224 123 115 119 119 119 119 119 115 176
178 115 119 119 114 146 198 137 135 116 119 119 119 119 115 177
178 115 119 117 159 170 220 194 183 143 117 119 119 119 115 177
178 115 118 131 194 118 146 150 146 200 142 114 119 119 115 177
178 115 118 124 192 138 114 114 139 179 203 166 121 119 115 177
178 113 117 115 128 170 169 171 170 126 133 126 118 118 114 177
176 141 155 159 164 166 169 163 143 160 171 172 162 161 141 174
175 152 180 181 189 189 183 172 163 189 163 161 165 171 150 174
178 115 134 170 160 154 171 168 162 154 165 155 160 130 116 176
178 112 138 167 177 180 178 180 177 168 186 189 174 131 113 177
178 115 121 120 124 159 159 163 154 146 155 125 131 120 115 177
178 115 119 118 126 171 181 195 182 148 163 115 117 119 115 176
179 111 115 115 115 128 123 120 127 126 119 115 115 115 111 177
227 168 157 158 158 157 157 157 157 157 158 158 158 157 167 226
