255 255 242 179 160 161 161 161 161 161 161 160 195 249 255 255
255 255 219 122 129 132 131 132 132 132 133 124 135 217 255 255
255 255 218 127 134 132 211 137 122 124 125 135 135 212 255 255
255 255 218 127 131 126 194 118 117 120 120 134 135 212 255 255
255 255 218 127 131 128 196 159 132 118 121 134 135 212 255 255
255 255 218 126 138 184 209 197 177 125 120 134 135 212 255 255
255 255 219 123 165 164 132 141 168 168 114 134 135 212 255 255
255 255 219 124 157 178 112 112 166 205 169 134 135 212 255 255
255 255 218 127 131 170 185 184 172 135 134 134 135 212 255 255
255 255 219 124 136 136 150 151 135 135 137 131 135 212 255 255
255 255 219 126 126 124 125 124 126 126 126 126 135 212 255 255
255 255 216 148 201 187 196 204 189 199 208 183 137 212 255 255
255 255 216 150 171 200 205 209 197 202 218 196 140 212 255 255
255 255 218 128 123 130 132 132 132 132 132 133 135 212 255 255
255 255 223 127 117 118 118 118 118 118 118 116 140 211 255 255
255 255 249 197 168 169 169 169 169 169 169 168 175 237 255 255
