255 255 255 231 188 188 188 188 188 188 188 188 233 255 255 255
255 255 255 84 0 9 7 4 9 9 9 0 91 255 255 255
255 255 255 61 46 60 80 107 55 57 64 44 68 255 255 255
255 255 255 64 54 0 90 141 0 0 8 54 71 255 255 255
255 255 255 63 53 1 84 122 38 0 10 52 71 255 255 255
255 255 255 63 47 72 133 198 164 36 5 53 71 255 255 255
255 255 255 63 48 134 28 24 77 136 19 52 70 255 255 255
255 255 255 63 46 104 92 40 119 128 89 48 70 255 255 255
255 255 255 62 53 48 130 156 77 32 42 52 69 255 255 255
255 255 255 65 8 36 34 33 34 41 43 14 73 255 255 255
255 255 251 100 102 120 125 98 85 111 110 91 107 254 255 255
255 255 252 88 78 92 92 76 78 55 48 71 97 255 255 255
255 255 255 64 0 67 92 105 96 114 50 0 72 255 255 255
255 255 255 63 0 49 95 104 98 118 64 0 71 255 255 255
255 255 255 82 0 0 1 0 1 0 1 0 90 255 255 255
255 255 255 228 184 184 184 184 184 176 178 182 230 255 255 255
