240 193 182 183 182 179 179 183 183 184 184 185 185 184 213 248
206 142 146 145 152 212 207 148 146 146 146 146 146 144 157 221
204 146 149 147 161 250 219 151 148 149 149 149 149 148 158 217
204 146 150 147 150 237 158 144 146 149 149 149 149 148 158 217
204 146 147 155 178 233 217 205 202 151 146 149 149 148 158 217
204 144 159 233 196 221 228 210 211 199 165 147 149 148 158 216
204 141 214 213 142 166 180 179 178 198 231 150 147 147 158 217
204 141 220 207 141 146 145 145 142 169 223 202 157 154 157 216
204 144 168 239 193 157 151 157 194 236 171 229 210 165 156 216
204 146 146 160 208 220 218 220 208 161 144 150 146 147 158 216
205 145 155 166 153 161 172 163 156 161 161 159 162 148 157 216
205 143 170 191 190 198 196 199 195 189 204 198 182 152 157 216
206 145 156 154 161 175 168 168 167 170 168 168 170 149 157 216
205 145 148 146 162 185 198 199 183 160 189 147 147 147 156 216
215 148 149 148 155 176 171 178 178 162 165 147 149 147 165 217
247 217 202 203 202 200 200 199 200 201 200 201 201 201 213 242
