255 255 255 214 194 196 195 195 196 196 196 194 214 255 255 255
255 255 239 147 103 102 101 105 105 102 103 102 148 239 255 255
255 255 236 141 77 98 206 105 79 81 81 78 142 238 255 255
255 255 237 143 79 106 204 92 82 84 84 81 143 238 255 255
255 255 237 143 79 94 176 87 88 84 84 81 143 238 255 255
255 255 237 142 82 132 206 179 145 77 84 81 143 238 255 255
255 255 237 138 136 147 185 176 174 145 80 81 143 238 255 255
255 255 237 140 165 92 95 106 104 184 96 75 144 238 255 255
255 255 237 139 163 106 76 76 87 173 169 115 141 238 255 255
255 255 237 140 108 177 117 114 173 132 164 112 141 238 255 255
255 255 237 142 74 104 152 154 109 77 76 75 143 238 255 255
255 255 236 147 109 97 101 98 99 104 99 107 146 238 255 255
255 255 234 160 173 182 168 176 158 171 181 140 150 237 255 255
255 255 234 156 123 147 147 140 142 142 151 149 154 236 255 255
255 255 239 147 99 97 99 103 102 99 97 102 147 239 255 255
255 255 255 212 198 200 200 199 199 200 200 197 211 255 255 255
