255 255 255 236 205 205 205 205 205 205 205 205 238 255 255 255
255 255 255 128 65 77 75 73 77 77 76 64 135 255 255 255
255 255 254 111 102 111 124 143 108 109 113 99 118 255 255 255
255 255 254 112 106 66 132 166 60 69 74 104 119 255 255 255
255 255 254 111 104 66 127 153 93 66 75 102 118 255 255 255
255 255 254 110 99 117 160 207 182 89 69 101 116 255 255 255
255 255 254 109 98 161 81 81 119 162 77 99 115 255 255 255
255 255 254 107 95 138 128 91 148 156 125 94 113 255 255 255
255 255 254 105 98 94 154 173 115 83 90 96 111 255 255 255
255 255 253 106 64 85 82 82 82 88 89 68 113 255 255 255
255 255 251 129 130 145 147 127 118 137 136 123 135 253 255 255
255 255 252 120 111 122 121 110 112 93 90 106 127 254 255 255
255 255 254 101 45 103 120 130 124 138 89 45 108 255 255 255
255 255 254 99 48 89 122 128 125 140 99 46 106 255 255 255
255 255 255 113 44 48 47 47 48 47 49 43 121 255 255 255
255 255 255 231 195 196 196 196 195 187 189 193 234 255 255 255
