236 149 125 127 125 121 121 126 127 129 129 129 130 131 187 248
172 43 50 48 64 178 171 56 48 49 50 49 49 45 76 218
169 49 56 52 84 248 190 63 55 56 56 56 56 53 78 214
169 49 56 52 62 225 80 46 52 55 56 56 56 53 79 214
169 50 52 70 119 217 189 166 163 65 50 56 56 53 78 213
169 46 80 217 152 198 209 176 179 156 90 51 56 53 78 212
170 43 182 181 45 93 117 117 113 153 213 62 52 52 78 212
170 43 191 168 43 50 49 47 42 100 201 162 74 66 76 211
169 45 95 228 143 72 62 73 147 222 106 210 174 89 74 211
170 50 49 80 171 194 190 194 170 81 49 59 50 51 78 211
170 48 70 91 69 83 105 92 75 82 83 79 86 54 77 211
171 44 101 144 144 160 159 170 155 147 176 162 130 61 76 212
171 48 73 67 83 114 99 103 98 104 103 97 101 56 77 211
171 48 55 50 85 134 159 166 129 81 139 53 51 52 75 211
191 57 53 53 69 114 103 118 119 84 87 51 54 51 95 214
248 203 181 182 180 177 176 175 176 179 177 180 179 180 207 243
