232 201 196 196 196 196 194 196 196 196 196 196 196 196 201 231
205 175 176 176 175 181 198 178 176 176 176 176 176 176 175 204
205 176 178 178 176 198 237 180 176 178 178 178 178 178 176 204
205 176 178 178 175 193 222 188 186 176 178 178 178 178 176 204
205 176 178 177 200 206 235 220 214 191 177 178 178 178 176 204
205 176 177 184 220 177 193 195 193 222 191 175 178 178 176 204
205 176 178 180 218 188 175 175 189 210 225 204 179 178 176 204
205 176 177 176 183 206 206 207 206 182 185 182 177 178 176 204
204 191 198 199 203 204 205 202 191 200 206 207 201 201 191 203
203 196 212 212 216 216 213 207 202 216 202 201 203 206 195 202
205 177 187 205 200 197 206 205 201 197 203 197 200 184 177 204
205 175 188 204 209 211 210 211 210 204 214 216 208 184 175 204
205 176 179 179 181 200 200 202 197 192 197 181 185 179 176 204
205 176 178 177 182 206 212 220 213 194 202 176 177 178 176 204
205 175 176 176 176 183 180 179 183 182 178 176 176 176 175 204
232 200 195 196 196 195 195 195 195 195 196 196 196 195 200 231
