255 255 241 137 97 100 100 100 100 100 100 98 168 251 255 255
255 255 207 14 22 29 27 28 29 29 30 11 48 218 255 255
255 255 204 19 31 26 176 37 7 10 12 33 44 212 255 255
255 255 204 20 24 16 145 5 0 0 1 29 45 212 255 255
255 255 204 20 24 21 149 78 29 0 1 29 45 212 255 255
255 255 204 18 38 125 174 151 112 13 0 30 45 212 255 255
255 255 204 13 91 91 26 43 96 96 0 30 45 212 255 255
255 255 204 15 76 113 0 0 91 166 97 32 44 212 255 255
255 255 204 20 28 99 127 126 104 32 31 30 45 212 255 255
255 255 205 15 34 34 63 64 33 33 36 22 44 212 255 255
255 255 204 19 13 10 13 11 15 15 14 13 45 212 255 255
255 255 200 61 159 132 149 165 136 158 172 125 50 211 255 255
255 255 200 64 105 157 166 175 152 162 190 148 55 211 255 255
255 255 204 20 11 23 28 27 29 26 27 28 46 212 255 255
255 255 212 22 0 0 0 0 0 0 0 0 60 213 255 255
255 255 250 177 135 138 138 138 138 138 138 136 164 239 255 255
