217 110 88 90 90 88 82 89 90 90 90 90 90 88 109 215
129 0 1 1 0 18 72 9 0 1 1 1 1 1 0 126
127 0 9 9 2 75 199 17 3 9 9 9 9 9 0 124
127 0 9 9 0 58 151 42 38 3 9 9 9 9 0 125
127 0 9 5 81 101 191 144 125 52 5 9 9 9 0 125
127 0 7 30 144 7 59 65 58 155 51 0 9 9 0 125
127 0 8 17 141 44 1 0 45 118 161 95 13 8 0 125
127 0 5 1 26 101 101 103 100 23 35 22 6 7 0 125
124 48 75 81 90 94 100 88 53 83 102 105 87 85 47 121
122 67 120 121 136 135 125 105 89 135 89 84 92 104 64 120
127 1 37 101 84 72 103 98 88 72 92 74 83 29 3 124
127 0 43 96 115 119 116 119 113 98 130 135 109 30 0 125
127 0 13 11 18 82 81 89 72 57 74 21 31 12 0 125
127 0 8 6 21 103 120 147 124 62 88 2 6 9 0 124
129 0 1 1 1 24 16 12 23 22 9 0 1 1 0 126
216 107 86 88 88 85 86 86 85 86 87 88 88 86 105 214
