255 255 242 202 196 198 198 198 198 198 197 196 209 247 255 255
255 255 226 188 193 194 192 194 194 194 194 191 186 216 255 255
255 255 225 191 195 192 227 194 189 190 190 195 185 211 255 255
255 255 225 191 195 191 221 187 188 189 189 194 186 212 255 255
255 255 225 191 195 190 221 205 193 188 189 194 186 212 255 255
255 255 225 191 196 213 226 220 212 191 189 194 186 212 255 255
255 255 225 189 208 208 193 198 209 208 186 195 186 212 255 255
255 255 225 189 205 214 186 185 206 223 209 195 185 212 255 255
255 255 225 191 194 209 215 216 210 194 195 194 186 212 255 255
255 255 226 189 195 194 199 199 194 194 195 192 186 212 255 255
255 255 226 190 191 190 191 190 191 190 190 191 186 211 255 255
255 255 225 197 223 215 219 222 216 219 224 213 186 211 255 255
255 255 224 199 210 221 221 224 220 220 229 220 187 211 255 255
255 255 225 190 191 192 193 193 193 193 193 194 185 211 255 255
255 255 228 188 189 190 189 189 190 190 189 189 186 211 255 255
255 255 249 207 186 187 187 188 188 188 187 185 183 237 255 255
