255 255 255 210 186 189 189 188 189 189 189 187 210 255 255 255
255 255 238 134 78 76 76 82 83 77 78 78 133 238 255 255
255 255 234 126 48 72 196 83 51 53 53 51 126 237 255 255
255 255 235 127 51 83 197 67 54 57 57 54 128 237 255 255
255 255 235 127 51 71 166 61 62 57 57 54 128 237 255 255
255 255 235 127 56 114 199 169 129 50 57 54 128 237 255 255
255 255 235 122 118 130 174 166 164 129 53 54 128 237 255 255
255 255 234 125 152 67 70 84 82 174 72 47 128 237 255 255
255 255 235 123 149 83 47 48 61 161 157 94 124 237 255 255
255 255 235 124 87 165 97 93 160 112 151 91 125 237 255 255
255 255 235 127 46 82 136 138 87 49 48 47 128 237 255 255
255 255 234 133 87 75 78 74 75 82 75 84 131 236 255 255
255 255 232 149 163 172 154 164 145 161 172 123 135 236 255 255
255 255 232 143 103 131 130 124 125 127 135 132 141 234 255 255
255 255 237 134 76 75 77 81 81 77 74 80 133 237 255 255
255 255 255 206 191 194 193 192 193 193 194 190 206 254 255 255
