255 255 255 255 255 255 250 207 209 251 255 255 255 255 255 255
255 255 255 255 255 250 204 238 229 205 251 255 255 255 255 255
255 255 255 255 250 205 217 123 204 229 206 251 255 255 255 255
255 255 255 250 203 232 230 24 150 255 225 206 251 255 255 255
255 255 250 203 228 255 255 112 50 195 255 224 206 251 255 255
255 250 203 228 255 255 202 14 0 29 165 255 224 206 251 255
251 203 228 255 255 167 84 109 0 61 153 255 255 224 206 251
206 229 255 251 251 236 255 165 0 104 213 255 251 255 225 210
206 229 255 252 252 255 217 35 8 162 255 252 252 255 225 210
251 204 222 231 228 235 93 128 97 113 237 228 232 221 206 251
255 250 204 227 254 245 112 239 161 97 255 253 223 205 251 255
255 255 250 205 225 237 236 237 213 176 242 224 206 251 255 255
255 255 255 250 202 220 246 242 244 252 217 205 251 255 255 255
255 255 255 255 250 205 230 255 255 225 206 251 255 255 255 255
255 255 255 255 255 250 204 229 225 206 251 255 255 255 255 255
255 255 255 255 255 255 251 207 209 251 255 255 255 255 255 255
