255 255 255 255 255 255 255 191 192 255 255 255 255 255 255 255
255 255 255 255 255 255 186 151 146 185 255 255 255 255 255 255
255 255 255 255 255 185 130 149 192 147 183 255 255 255 255 255
255 255 255 255 182 153 129 39 171 200 148 182 255 255 255 255
255 255 255 181 147 194 180 54 54 120 186 148 181 255 255 255
255 255 180 148 192 197 151 31 36 62 136 198 148 180 255 255
255 178 149 193 194 148 63 99 39 67 134 196 192 148 179 255
180 151 193 190 192 159 171 162 29 91 182 191 190 193 150 180
171 155 195 195 195 198 200 85 55 71 194 196 195 195 154 171
254 170 145 141 135 135 136 59 114 51 131 136 141 144 171 254
255 254 166 116 151 152 115 78 166 93 87 155 115 167 254 255
255 255 254 175 157 193 143 133 190 153 134 160 176 254 255 255
255 255 255 254 175 106 113 113 110 112 110 175 254 255 255 255
255 255 255 255 254 176 153 195 195 153 176 254 255 255 255 255
255 255 255 255 255 255 175 151 151 176 255 255 255 255 255 255
255 255 255 255 255 255 255 181 181 255 255 255 255 255 255 255
