255 255 255 255 255 255 252 175 175 252 255 255 255 255 255 255
255 255 255 255 255 251 178 195 188 175 251 255 255 255 255 255
255 255 255 255 251 178 152 146 225 187 175 251 255 255 255 255
255 255 255 251 175 193 149 34 187 236 188 174 251 255 255 255
255 255 251 175 186 229 211 52 41 114 212 188 175 251 255 255
255 251 175 186 226 231 162 24 34 70 147 234 186 175 251 255
252 175 186 227 227 161 64 120 35 69 150 229 227 186 175 252
175 188 227 222 224 186 205 185 23 99 214 223 222 226 188 175
173 191 228 228 228 232 234 90 56 71 225 229 228 228 190 171
251 175 175 163 158 158 159 60 131 49 150 160 164 175 174 251
255 251 166 135 169 169 126 82 186 102 89 174 135 164 251 255
255 255 251 179 195 232 164 152 231 182 146 198 177 250 255 255
255 255 255 250 176 125 121 121 118 121 130 174 250 255 255 255
255 255 255 255 250 173 186 224 224 186 172 250 255 255 255 255
255 255 255 255 255 250 174 191 191 172 250 255 255 255 255 255
255 255 255 255 255 255 251 173 172 251 255 255 255 255 255 255
