255 255 255 255 255 255 246 88 88 246 255 255 255 255 255 255
255 255 255 255 255 245 89 0 0 89 244 255 255 255 255 255
255 255 255 255 245 89 0 7 6 0 89 244 255 255 255 255
255 255 255 244 89 0 5 6 8 3 0 89 244 255 255 255
255 255 244 89 0 2 4 8 5 7 3 0 89 244 255 255
255 245 89 0 3 3 7 4 1 6 7 3 0 89 244 255
247 89 0 2 3 8 8 9 2 8 7 3 3 0 89 246
88 0 2 3 3 6 5 8 2 8 6 3 3 3 0 87
89 0 3 3 3 2 5 6 3 6 3 3 3 2 0 88
246 90 1 12 12 13 9 13 10 10 13 12 12 0 89 246
255 244 90 0 4 5 8 5 5 6 4 4 0 89 244 255
255 255 244 89 0 7 8 8 9 11 7 0 89 244 255 255
255 255 255 244 90 0 5 5 5 4 0 89 244 255 255 255
255 255 255 255 244 89 0 3 2 0 88 244 255 255 255 255
255 255 255 255 255 244 90 0 0 89 244 255 255 255 255 255
255 255 255 255 255 255 246 88 88 246 255 255 255 255 255 255
