255 255 255 255 255 255 255 166 166 255 255 255 255 255 255 255
255 255 255 255 255 255 159 50 49 158 255 255 255 255 255 255
255 255 255 255 255 157 47 53 61 50 156 255 255 255 255 255
255 255 255 255 154 51 49 33 59 63 49 154 255 255 255 255
255 255 255 153 49 61 60 36 35 48 60 49 153 255 255 255
255 255 151 49 61 63 55 31 32 37 52 62 49 151 255 255
255 149 50 61 63 54 37 45 33 39 52 63 61 49 149 255
149 49 62 62 63 56 58 57 31 43 61 62 62 61 49 149
138 48 62 63 63 64 64 42 36 39 63 63 63 62 48 138
254 137 47 52 51 51 52 36 48 35 51 51 51 47 138 255
255 254 138 42 54 55 48 40 57 43 42 55 41 139 254 255
255 255 254 141 50 62 53 51 63 56 50 51 142 254 255 255
255 255 255 255 143 40 47 48 47 47 41 143 255 255 255 255
255 255 255 255 255 145 50 62 62 49 145 255 255 255 255 255
255 255 255 255 255 255 147 49 49 147 255 255 255 255 255 255
255 255 255 255 255 255 255 153 153 255 255 255 255 255 255 255
