255 255 255 255 255 255 250 202 204 251 255 255 255 255 255 255
255 255 255 255 255 250 200 227 219 201 251 255 255 255 255 255
255 255 255 255 250 200 207 117 194 218 201 251 255 255 255 255
255 255 255 250 198 221 219 23 145 255 214 201 251 255 255 255
255 255 250 198 217 242 249 108 48 186 248 214 201 250 255 255
255 250 198 217 242 246 193 14 0 28 158 250 214 201 250 255
251 198 217 242 243 160 80 104 0 59 146 248 242 214 201 251
201 219 242 239 239 225 246 160 0 100 203 244 239 242 215 205
201 218 243 240 240 246 209 34 8 158 252 240 240 243 215 205
250 199 212 220 218 225 89 123 93 108 227 218 222 211 202 251
255 250 199 217 242 234 108 230 155 92 248 241 213 201 251 255
255 255 250 200 215 226 226 227 204 169 231 213 201 251 255 255
255 255 255 250 198 210 235 231 233 240 207 201 251 255 255 255
255 255 255 255 250 201 219 243 243 215 202 251 255 255 255 255
255 255 255 255 255 250 200 219 215 201 251 255 255 255 255 255
255 255 255 255 255 255 250 203 205 251 255 255 255 255 255 255
