255 255 255 255 255 255 252 108 108 252 255 255 255 255 255 255
255 255 255 255 255 251 109 0 0 109 251 255 255 255 255 255
255 255 255 255 251 109 5 14 0 0 109 251 255 255 255 255
255 255 255 251 109 0 13 32 8 0 0 109 251 255 255 255
255 255 251 109 0 0 4 29 31 19 3 0 109 251 255 255
255 251 109 0 0 0 12 33 31 27 13 0 0 109 251 255
252 109 0 0 0 12 27 20 31 27 13 0 0 0 109 252
107 0 0 0 0 8 4 9 33 23 4 0 0 0 0 107
101 0 0 0 0 0 0 23 29 26 1 0 0 0 0 101
250 104 0 9 11 11 12 28 18 29 14 11 9 0 104 250
255 249 105 6 9 9 18 25 8 21 24 9 6 105 249 255
255 255 249 103 0 0 12 14 0 9 15 0 103 249 255 255
255 255 255 249 104 9 18 18 19 18 9 104 249 255 255 255
255 255 255 255 249 104 0 0 0 0 104 249 255 255 255 255
255 255 255 255 255 249 104 0 0 104 249 255 255 255 255 255
255 255 255 255 255 255 251 101 101 251 255 255 255 255 255 255
