255 255 255 255 255 255 252 186 186 252 255 255 255 255 255 255
255 255 255 255 255 251 189 224 217 185 251 255 255 255 255 255
255 255 255 255 251 189 175 167 253 215 185 251 255 255 255 255
255 255 255 251 186 222 169 39 214 255 215 185 251 255 255 255
255 255 251 185 214 255 238 58 46 131 241 216 185 251 255 255
255 251 185 214 255 255 185 28 38 79 169 255 214 185 251 255
252 186 214 255 255 184 73 136 40 78 172 255 255 214 185 252
186 216 255 255 255 213 233 207 26 112 245 255 255 255 216 186
184 219 255 255 255 255 255 102 64 80 252 255 255 255 219 183
251 186 201 188 182 182 183 67 150 56 172 184 188 201 185 251
255 251 176 156 193 194 144 93 213 116 102 199 156 174 251 255
255 255 251 191 222 255 187 174 255 208 164 227 189 250 255 255
255 255 255 250 187 144 139 139 135 139 150 186 250 255 255 255
255 255 255 255 250 184 214 255 255 214 183 250 255 255 255 255
255 255 255 255 255 250 185 220 220 184 250 255 255 255 255 255
255 255 255 255 255 255 251 184 183 251 255 255 255 255 255 255
