255 255 255 255 255 255 255 195 196 255 255 255 255 255 255 255
255 255 255 255 255 255 191 170 164 189 255 255 255 255 255 255
255 255 255 255 255 189 145 167 218 164 188 255 255 255 255 255
255 255 255 255 186 173 143 36 192 227 166 187 255 255 255 255
255 255 255 185 166 221 202 53 53 132 211 167 186 255 255 255
255 255 184 167 218 224 168 26 32 64 151 225 166 185 255 255
255 183 167 219 220 166 64 106 36 69 149 222 218 167 183 255
185 170 219 215 218 179 192 182 23 97 206 217 215 219 169 186
176 175 221 221 221 225 227 90 54 74 220 222 221 221 174 177
254 176 163 157 150 150 152 60 125 50 145 151 157 163 177 254
255 254 171 129 169 171 127 82 186 100 93 174 128 172 254 255
255 255 254 181 178 219 159 147 215 171 149 181 182 254 255 255
255 255 255 254 180 118 124 125 121 124 122 181 254 255 255 255
255 255 255 255 254 181 173 222 221 172 182 254 255 255 255 255
255 255 255 255 255 254 180 171 170 181 254 255 255 255 255 255
255 255 255 255 255 255 255 185 186 255 255 255 255 255 255 255
