255 255 255 255 215 144 96 78 78 97 144 216 255 255 255 255
255 255 248 145 71 74 82 86 86 82 74 72 146 248 255 255
255 249 100 20 85 87 85 85 85 85 87 83 17 100 249 255
255 147 21 0 31 86 87 85 85 87 84 26 0 25 149 255
219 73 87 32 0 30 86 86 87 84 26 0 38 88 74 220
150 72 81 85 33 0 31 86 84 26 0 35 77 77 74 153
101 42 51 41 80 34 0 32 27 0 38 73 39 50 48 103
78 40 56 35 77 89 33 0 0 37 90 71 37 47 51 79
78 41 58 39 89 84 27 0 0 32 88 70 46 47 65 79
99 56 84 61 77 25 0 37 35 0 31 78 71 79 62 102
148 75 88 85 25 0 36 88 87 33 0 31 86 88 75 151
219 73 83 24 0 36 87 86 86 87 34 0 30 84 72 220
255 147 15 0 36 87 86 85 85 86 87 36 0 24 147 255
255 248 100 25 86 87 85 85 85 85 87 86 27 108 249 255
255 255 248 148 73 74 82 86 86 82 73 73 149 247 255 255
255 255 255 255 221 152 100 74 73 98 151 220 255 255 255 255
