255 255 255 255 226 182 162 154 153 161 181 227 255 255 255 255
255 255 252 184 164 201 219 223 223 219 200 163 185 252 255 255
255 254 121 57 217 226 220 220 220 220 227 212 49 122 254 255
255 187 62 0 70 215 224 220 220 225 209 60 0 68 189 255
230 168 221 77 0 70 215 224 225 209 58 0 86 225 167 231
188 191 203 209 78 0 70 218 211 58 0 78 190 196 199 188
170 100 115 93 194 81 0 70 61 0 88 172 86 117 119 170
158 93 130 79 192 225 76 0 0 83 228 172 76 106 122 158
156 96 137 88 225 210 59 0 0 71 221 171 103 109 161 159
165 141 212 149 190 58 0 85 81 0 71 184 174 198 158 169
186 203 228 212 56 0 83 222 220 78 0 70 218 229 202 187
230 165 207 54 0 83 220 223 223 218 80 0 68 214 163 231
255 186 45 0 83 220 223 220 220 223 219 81 0 65 188 255
255 254 122 67 222 225 220 220 220 220 225 220 72 135 253 255
255 255 253 190 167 200 218 224 223 218 199 165 190 253 255 255
255 255 255 255 232 190 165 150 150 163 189 233 255 255 255 255
