255 255 255 255 229 191 177 172 172 175 190 229 255 255 255 255
255 255 253 195 185 228 247 251 251 247 227 184 194 253 255 255
255 255 127 66 241 254 248 248 248 248 254 236 57 127 255 255
255 196 72 0 79 241 252 248 248 253 236 69 0 78 198 255
232 189 248 87 0 79 242 252 253 235 66 0 98 251 187 234
197 217 229 236 88 0 79 244 237 66 0 88 214 221 223 197
186 113 129 105 218 91 0 79 69 0 100 193 97 133 135 185
176 104 146 88 216 252 86 0 0 93 255 193 87 120 138 177
174 108 154 100 253 236 67 0 0 80 248 191 117 123 182 178
180 160 239 169 213 65 0 96 91 0 80 208 196 223 179 184
194 228 255 236 64 0 94 249 247 88 0 79 244 255 227 196
233 186 234 61 0 94 247 251 251 245 91 0 76 241 183 234
255 194 53 0 94 247 251 248 248 251 246 91 0 74 196 255
255 255 126 78 246 253 248 248 248 248 253 245 84 141 254 255
255 255 253 199 189 226 246 252 252 246 225 186 200 254 255 255
255 255 255 255 234 197 179 168 168 179 197 235 255 255 255 255
