255 255 255 255 239 176 115 81 80 115 176 239 255 255 255 255
255 255 255 172 47 4 0 1 1 0 6 49 169 255 255 255
255 255 137 12 8 4 5 5 5 4 3 5 17 139 255 255
255 170 14 10 15 11 5 5 4 4 7 17 16 15 167 255
240 47 5 16 12 15 11 5 4 8 17 15 17 9 48 239
171 6 6 11 16 10 16 10 8 16 14 17 12 4 6 173
103 6 13 13 16 14 10 16 18 12 16 15 13 15 5 111
70 8 17 18 13 10 17 12 13 18 9 13 20 20 11 74
75 8 18 17 13 10 16 12 13 17 8 12 18 17 9 70
112 6 13 12 20 14 10 17 17 11 16 15 14 13 9 110
176 6 4 12 16 9 15 9 10 16 12 17 9 6 8 174
240 49 9 15 10 17 8 4 4 10 16 12 16 6 49 241
255 170 12 10 16 8 4 4 4 4 11 16 11 15 170 255
255 255 139 16 5 3 4 4 4 4 3 9 14 137 255 255
255 255 255 173 50 6 1 1 1 1 5 48 170 255 255 255
255 255 255 255 241 178 112 74 77 112 176 239 255 255 255 255
