255 255 255 255 246 204 172 161 161 172 207 247 255 255 255 255
255 255 255 207 141 167 199 213 216 200 168 142 207 255 255 255
255 255 165 52 199 234 225 224 224 225 230 221 94 170 255 255
255 203 90 12 71 214 228 224 224 225 230 130 15 54 207 255
245 138 222 128 8 79 219 228 226 230 122 9 68 198 142 247
197 168 231 230 122 4 86 225 231 116 6 75 220 241 169 202
164 188 101 112 179 112 5 97 110 5 82 197 130 142 188 170
153 192 81 115 130 238 105 11 12 91 229 182 99 116 144 162
154 188 98 103 171 232 94 10 11 110 240 178 91 83 186 159
166 192 184 213 166 86 4 105 94 4 119 192 181 172 158 173
199 177 244 223 81 2 112 235 226 81 2 125 236 236 172 201
245 144 210 69 2 120 236 233 235 222 72 4 133 230 143 246
255 202 50 8 129 238 233 232 232 236 219 66 10 97 204 255
255 255 161 95 236 240 235 233 233 234 242 208 49 162 255 255
255 255 255 205 146 182 216 228 228 215 181 146 203 255 255 255
255 255 255 255 244 200 168 156 157 168 200 244 255 255 255 255
