255 255 255 255 245 198 159 143 145 159 200 246 255 255 255 255
255 255 255 199 120 133 159 172 174 160 134 120 199 255 255 255
255 255 159 41 161 189 182 181 181 182 185 177 75 163 255 255
255 196 73 9 58 176 186 182 182 182 186 106 12 43 199 255
245 118 182 104 5 64 181 187 185 188 100 8 56 160 122 246
192 135 188 189 101 1 71 185 191 95 4 62 180 195 135 196
151 152 81 90 148 93 3 80 92 5 68 162 105 115 151 157
136 156 66 96 106 197 87 8 9 76 189 150 81 96 115 144
139 155 82 86 142 193 79 8 9 91 200 147 76 69 152 141
156 158 154 175 139 73 1 90 79 2 100 159 149 141 128 159
194 148 206 187 67 0 95 199 193 68 0 104 196 194 140 196
244 127 179 59 1 102 202 198 199 190 62 2 112 190 123 245
255 199 42 4 109 205 201 199 198 201 187 56 8 80 197 255
255 255 157 80 203 207 203 201 201 201 207 177 40 157 255 255
255 255 255 200 131 156 186 199 197 184 153 129 198 255 255 255
255 255 255 255 244 197 160 144 144 158 195 244 255 255 255 255
