255 255 255 255 252 223 175 140 135 167 215 252 255 254 255 255
255 255 255 226 148 71 34 26 28 27 40 97 211 255 255 255
255 255 209 103 41 22 23 24 24 25 27 27 48 186 255 255
255 223 94 16 25 25 24 24 24 26 27 28 15 49 209 255
253 131 35 27 14 26 24 24 24 28 30 15 27 26 95 255
223 69 25 30 28 14 27 24 26 28 16 29 27 26 38 210
177 39 25 21 28 27 15 28 28 15 31 26 22 27 27 159
136 26 26 27 26 26 29 15 15 29 28 26 28 26 25 129
134 25 26 24 27 27 29 15 16 31 29 25 26 28 24 128
162 27 28 33 29 28 15 31 31 17 31 29 32 29 32 162
212 38 27 27 28 15 30 28 29 31 16 31 27 26 54 213
254 95 27 27 14 29 28 28 28 30 30 16 28 34 113 252
255 208 47 15 29 27 28 28 28 28 29 28 17 74 209 255
254 255 181 47 28 26 27 28 27 27 28 31 64 187 255 255
255 255 255 206 92 38 27 32 30 28 39 93 204 255 255 255
255 255 255 255 251 208 155 128 125 153 205 250 255 255 255 255
