255 255 255 255 255 253 244 235 234 240 251 255 255 255 255 255
255 255 255 255 229 199 199 203 202 198 197 225 252 255 255 255
255 255 251 205 207 234 244 245 245 245 234 206 200 247 255 255
255 255 202 58 194 252 242 242 242 243 254 190 59 199 251 255
255 228 207 184 46 194 251 242 243 253 189 48 189 207 222 255
253 200 234 246 184 44 194 251 252 187 47 189 249 237 197 249
242 205 201 81 181 188 44 200 190 47 198 168 89 214 204 235
233 213 190 89 146 255 187 41 46 198 255 147 92 192 213 226
232 212 192 67 175 255 189 40 46 203 255 144 75 222 211 225
239 203 205 164 186 187 47 199 186 48 204 190 161 207 205 233
250 197 236 255 182 46 194 253 254 181 48 200 255 236 196 244
254 221 207 181 47 195 253 244 244 254 179 48 200 209 216 253
255 249 193 58 195 252 244 244 244 244 255 180 60 196 243 255
255 255 243 196 207 236 246 246 247 247 238 209 191 236 254 255
255 255 255 247 216 194 199 203 206 200 194 212 242 254 255 255
255 255 255 255 254 245 230 220 219 229 242 252 255 255 255 255
