255 255 255 255 255 254 245 239 240 245 254 255 255 255 255 255
255 255 255 255 230 204 206 211 208 206 204 230 254 255 255 255
255 255 252 207 213 245 255 255 255 255 245 214 205 251 255 255
255 255 204 60 200 255 254 255 255 255 255 195 61 204 252 255
255 230 215 191 47 199 255 255 255 255 194 49 196 215 226 255
254 204 244 255 189 46 200 255 255 193 49 194 255 245 202 250
244 210 208 83 185 193 46 207 197 48 204 172 92 223 210 239
237 221 199 91 151 255 191 42 47 203 255 151 93 200 222 230
236 221 201 69 181 255 194 41 46 208 255 149 76 231 218 228
243 210 213 168 190 194 47 205 190 49 209 193 164 214 210 235
252 202 245 255 187 47 200 255 255 185 49 204 255 245 199 245
255 226 215 189 48 200 255 255 255 255 185 50 206 216 217 253
255 252 199 60 202 255 255 255 255 255 255 185 61 198 244 255
255 255 246 201 215 247 255 255 255 255 248 216 193 238 254 255
255 255 254 249 220 199 206 210 212 206 199 216 243 254 255 255
255 255 255 255 254 246 233 224 223 230 243 252 255 255 255 255
