255 255 255 252 208 161 140 132 132 140 161 208 252 255 255 255
255 255 237 153 165 197 208 211 211 208 197 165 153 237 255 255
255 238 58 44 197 209 204 204 204 204 209 197 44 58 238 255
255 151 43 0 52 193 209 204 204 209 193 52 0 43 151 255
206 166 199 54 0 52 193 208 208 193 52 0 54 199 166 206
160 192 196 187 56 0 52 196 196 52 0 50 182 198 201 160
146 90 60 65 138 58 0 54 54 0 59 133 47 69 104 143
140 72 110 81 104 204 53 0 0 53 203 136 55 132 52 132
140 74 51 28 182 199 53 0 0 53 203 139 33 34 127 140
146 92 156 101 126 58 0 54 54 0 58 131 106 151 90 143
160 195 209 194 47 0 52 196 196 52 0 51 191 212 192 159
206 166 197 53 0 52 193 208 208 193 52 0 53 197 166 206
255 151 43 0 52 193 209 204 204 209 193 52 0 43 151 255
255 238 58 44 197 209 204 204 204 204 209 197 44 58 238 255
255 255 237 153 165 197 208 211 211 208 197 165 153 237 255 255
255 255 255 252 208 161 140 132 132 140 161 208 252 255 255 255
