255 255 255 255 206 112 40 4 4 40 112 206 255 255 255 255
255 255 241 103 4 0 0 0 0 0 0 4 103 241 255 255
255 241 67 0 0 0 0 0 0 0 0 0 0 67 241 255
255 103 0 0 0 0 0 0 0 0 0 0 0 0 103 255
204 4 0 0 0 0 0 0 0 0 0 0 0 0 4 204
113 0 0 0 0 0 0 0 0 0 0 0 0 0 0 113
42 0 0 0 0 0 0 0 0 0 0 0 0 0 0 42
6 0 0 0 0 0 0 0 0 0 0 0 0 0 0 6
6 0 0 0 0 0 0 0 0 0 0 0 0 0 0 6
42 0 0 0 0 0 0 0 0 0 0 0 0 0 0 42
113 0 0 0 0 0 0 0 0 0 0 0 0 0 0 113
204 4 0 0 0 0 0 0 0 0 0 0 0 0 4 204
255 103 0 0 0 0 0 0 0 0 0 0 0 0 103 255
255 241 67 0 0 0 0 0 0 0 0 0 0 67 241 255
255 255 241 103 4 0 0 0 0 0 0 4 103 241 255 255
255 255 255 255 206 112 40 4 4 40 112 206 255 255 255 255
