255 255 255 251 209 173 165 164 164 165 173 209 251 255 255 255
255 255 236 165 207 249 255 255 255 255 249 207 165 236 255 255
255 237 55 58 240 255 255 255 255 255 255 240 58 55 237 255
253 164 57 0 66 237 255 255 255 255 237 66 0 57 164 253
206 204 243 67 0 66 237 255 255 237 66 0 68 243 203 206
172 241 245 233 70 0 66 240 240 66 0 62 228 247 246 171
171 112 74 81 173 72 0 67 67 0 73 166 59 86 131 167
172 90 138 101 127 251 67 0 0 67 250 167 70 166 65 162
172 93 65 36 224 245 67 0 0 67 250 170 41 42 158 172
170 116 190 126 158 72 0 67 67 0 73 164 129 186 114 166
171 245 255 235 59 0 66 240 240 66 0 64 235 255 242 171
206 204 242 66 0 66 237 255 255 237 66 0 66 242 204 207
253 164 57 0 66 237 255 255 255 255 237 66 0 57 164 253
255 237 55 58 240 255 255 255 255 255 255 240 58 55 237 255
255 255 236 165 207 249 255 255 255 255 249 207 165 236 255 255
255 255 255 251 209 173 165 164 164 165 173 209 251 255 255 255
