255 255 255 255 224 142 78 44 46 78 144 225 255 255 255 255
255 255 251 137 20 0 0 3 2 0 0 21 137 250 255 255
255 252 105 0 4 4 4 4 4 4 4 4 0 102 251 255
255 143 0 5 8 5 4 4 4 4 4 7 4 0 135 255
230 27 3 7 6 7 5 4 4 5 7 5 7 4 21 222
155 0 5 5 8 6 8 4 4 7 6 9 5 5 0 139
93 3 10 10 8 8 6 8 8 5 10 10 10 8 2 68
65 5 9 9 8 5 8 6 5 7 6 8 10 9 5 38
68 5 10 8 8 4 7 6 6 7 6 8 9 9 4 44
100 3 9 7 10 9 5 7 8 6 10 9 6 8 5 63
167 0 5 4 9 6 7 4 4 8 6 8 4 5 0 124
238 37 2 7 5 7 4 4 4 4 8 6 7 5 16 208
255 162 2 4 7 4 4 4 4 4 4 8 5 0 117 255
255 255 127 2 3 4 4 4 4 4 5 5 0 86 242 255
255 255 254 157 32 0 1 3 3 2 0 19 121 242 255 255
255 255 255 255 232 153 82 50 47 72 133 214 255 255 255 255
