255 255 255 255 249 197 148 127 127 147 197 249 255 255 255 255
255 255 255 204 101 133 194 220 220 195 135 101 202 255 255 255
255 255 171 62 228 255 255 255 255 255 255 229 63 165 255 255
255 206 76 25 152 255 253 252 252 253 255 155 25 75 198 255
255 105 222 189 15 148 255 253 253 255 151 15 187 225 98 246
208 126 255 255 189 15 148 255 255 151 15 182 255 255 128 187
167 124 92 103 166 190 16 155 157 18 164 98 107 130 183 135
149 129 90 137 103 255 189 13 12 190 233 65 156 79 199 114
150 128 87 65 179 255 157 20 20 158 231 69 87 129 217 110
173 109 167 211 123 151 16 188 190 18 124 134 240 109 157 130
215 116 255 255 147 14 182 255 255 184 15 148 255 255 116 172
255 112 204 157 15 182 255 252 252 255 184 16 154 209 92 227
255 220 66 22 188 255 252 252 252 252 255 190 25 62 174 255
255 255 189 75 202 255 255 255 255 255 255 206 74 148 244 255
255 255 255 211 105 109 164 195 195 166 111 92 174 244 255 255
255 255 255 255 247 196 141 115 113 129 175 229 254 255 255 255
