255 255 255 255 248 194 144 123 123 143 194 248 255 255 255 255
255 255 255 201 97 127 186 212 212 187 128 96 198 255 255 255
255 255 168 58 219 254 249 246 246 249 254 220 59 162 255 255
255 203 72 24 146 253 244 243 243 244 253 148 23 71 194 255
254 100 216 183 14 143 253 244 244 253 145 14 180 218 94 244
205 121 249 250 183 14 142 253 253 145 14 174 248 255 124 184
163 119 88 98 161 183 15 148 150 17 157 94 102 124 176 131
144 124 86 131 99 255 182 12 11 183 227 62 150 76 191 109
146 122 83 62 172 255 150 19 18 151 226 67 83 123 209 105
169 104 162 205 117 144 15 180 182 17 119 130 234 104 150 125
212 111 250 255 141 13 176 253 253 178 14 141 255 251 110 168
255 108 196 150 14 176 253 243 243 253 178 15 148 201 87 226
255 217 62 21 181 253 243 243 243 243 253 183 23 58 171 255
255 255 186 71 193 249 252 249 249 252 249 197 69 145 244 255
255 255 255 208 101 104 157 187 187 159 105 88 171 244 255 255
255 255 255 255 246 194 137 111 108 125 173 228 254 255 255 255
