255 255 255 255 255 255 255 146 120 249 255 255 255 255 255 255
255 255 255 254 255 255 135 3 0 104 250 255 255 255 255 255
255 255 255 255 255 130 3 4 5 0 107 250 255 255 255 255
255 255 255 254 126 4 5 7 6 4 0 110 251 255 255 255
255 255 253 120 5 12 12 12 10 10 11 2 112 252 255 255
255 252 115 2 8 13 13 13 14 13 14 8 0 116 253 255
251 107 0 5 8 12 11 11 11 11 12 7 2 0 118 254
119 0 6 7 8 13 15 14 13 14 14 7 3 2 0 130
144 2 5 6 7 12 12 13 12 11 12 8 5 3 0 110
255 130 3 5 10 10 12 11 10 11 11 13 6 0 94 247
255 255 125 3 11 12 14 12 12 12 13 15 2 92 244 255
255 255 254 124 3 8 9 8 9 9 8 3 91 243 255 255
255 255 255 254 120 1 5 5 6 5 0 91 243 255 255 255
255 255 255 255 253 118 1 6 6 1 91 243 255 255 255 255
255 255 255 255 255 252 114 1 0 92 244 255 255 255 255 255
255 255 255 255 255 255 252 119 101 245 255 255 255 255 255 255
