255 255 255 255 255 255 255 198 185 251 255 255 255 255 255 255
255 255 255 255 255 255 189 195 210 177 251 255 255 255 255 255
255 255 255 255 254 187 196 252 254 211 180 252 255 255 255 255
255 255 255 254 185 196 252 247 252 255 208 183 252 255 255 255
255 255 253 185 172 144 172 186 180 193 167 192 185 252 255 255
255 253 178 201 221 145 163 171 152 161 155 229 213 183 253 255
252 175 198 250 233 202 207 199 213 207 204 246 255 209 183 254
180 200 247 244 222 83 135 160 131 136 129 245 252 255 210 191
193 182 245 242 236 172 192 174 190 196 191 236 254 255 208 174
255 180 180 248 170 196 173 155 194 179 202 162 243 209 164 248
255 255 179 174 136 149 141 133 178 135 157 157 184 165 246 255
255 255 255 173 175 228 229 223 215 232 231 178 162 246 255 255
255 255 255 255 178 189 248 250 250 251 204 164 246 255 255 255
255 255 255 255 254 176 192 251 253 201 162 246 255 255 255 255
255 255 255 255 255 253 177 200 203 161 246 255 255 255 255 255
255 255 255 255 255 255 254 184 168 248 255 255 255 255 255 255
