255 255 255 255 255 255 255 161 138 250 255 255 255 255 255 255
255 255 255 255 255 255 149 55 55 124 251 255 255 255 255 255
255 255 255 255 255 146 55 74 76 60 128 252 255 255 255 255
255 255 255 255 142 56 75 76 79 81 63 131 252 255 255 255
255 255 254 136 46 44 53 59 58 62 55 60 134 253 255 255
255 253 130 50 62 44 51 54 47 51 51 77 67 136 253 255
252 124 50 68 66 60 62 61 65 65 65 82 88 66 136 255
135 49 68 68 63 27 44 49 41 44 42 81 88 89 66 148
155 47 67 67 67 52 56 50 56 61 61 77 87 90 65 127
255 141 44 67 49 58 49 44 55 55 66 54 81 64 113 247
255 255 138 43 38 43 40 39 51 40 51 52 54 111 245 255
255 255 255 134 43 59 59 61 59 64 66 48 109 244 255 255
255 255 255 254 134 49 64 67 69 67 54 108 244 255 255 255
255 255 255 255 254 131 46 66 68 49 109 244 255 255 255 255
255 255 255 255 255 253 128 50 50 107 244 255 255 255 255 255
255 255 255 255 255 255 253 137 119 246 255 255 255 255 255 255
