255 255 255 255 255 255 225 92 91 225 255 255 255 255 255 255
255 255 255 255 255 222 60 34 34 58 221 255 255 255 255 255
255 255 255 255 222 60 37 56 56 37 59 220 255 255 255 255
255 255 255 222 59 33 47 47 48 49 33 58 221 255 255 255
255 255 221 59 37 47 33 44 32 41 47 37 58 221 255 255
255 222 59 37 55 49 44 44 45 43 48 56 37 59 221 255
225 59 36 55 53 49 48 47 48 48 50 54 55 37 58 225
91 34 55 53 55 35 23 39 35 31 40 54 53 55 34 88
89 35 55 53 54 46 39 42 44 42 45 54 53 55 36 87
224 56 37 55 53 51 52 50 51 52 49 52 55 37 57 224
255 220 56 37 55 33 36 34 44 35 41 52 38 57 219 255
255 255 219 56 35 40 39 39 40 38 41 36 57 219 255 254
255 255 255 219 56 37 55 53 52 55 36 57 219 255 255 255
255 255 255 255 220 56 35 55 55 37 57 219 255 254 255 255
255 255 255 255 255 220 55 32 35 57 219 255 255 255 255 255
255 255 255 255 255 255 224 86 87 223 255 254 255 255 255 255
