255 255 255 255 255 255 228 106 106 228 255 255 255 255 255 255
255 255 255 255 255 225 76 90 90 75 225 255 255 255 255 255
255 255 255 255 225 77 96 136 136 95 76 225 255 255 255 255
255 255 255 225 77 78 102 102 110 107 76 76 225 255 255 255
255 255 225 76 97 101 60 80 61 76 98 96 75 225 255 255
255 225 76 93 135 113 96 92 96 89 108 135 94 74 225 255
229 76 93 134 130 114 107 107 109 109 115 129 134 93 75 229
105 90 134 129 133 76 38 78 65 59 87 133 129 134 90 104
104 91 134 129 131 105 83 89 90 88 100 131 129 134 91 103
227 74 94 134 129 120 121 114 115 121 111 127 134 95 74 227
255 223 74 95 131 68 74 72 91 70 75 121 97 74 223 255
255 255 223 75 87 82 83 86 87 78 82 86 75 223 255 255
255 255 255 223 73 94 132 128 125 134 92 74 223 255 255 255
255 255 255 255 223 73 91 134 134 95 75 223 255 255 255 255
255 255 255 255 255 224 72 88 92 74 223 255 255 255 255 255
255 255 255 255 255 255 227 102 102 227 255 255 255 255 255 255
