255 255 255 255 255 255 234 133 132 233 255 255 255 255 255 255
255 255 255 255 255 231 109 177 178 108 231 255 255 255 255 255
255 255 255 255 231 110 187 255 254 186 110 231 255 255 255 255
255 255 255 231 111 151 192 190 205 200 149 110 231 255 255 255
255 255 231 108 188 187 110 143 113 137 179 187 107 231 255 255
255 231 108 182 253 213 179 172 179 166 203 255 182 106 231 255
234 109 182 251 244 213 199 201 204 203 216 244 251 182 107 234
132 178 251 242 250 143 68 143 118 107 163 250 242 251 178 131
131 179 251 242 247 196 156 167 169 165 188 247 242 251 180 130
233 107 184 251 242 225 226 214 216 226 208 239 251 185 108 233
255 230 106 185 245 126 136 134 170 130 137 226 188 107 230 255
255 255 230 108 169 151 155 161 163 145 152 168 109 229 255 255
255 255 255 229 105 184 249 239 235 251 179 108 230 255 255 255
255 255 255 255 230 104 178 252 252 185 109 229 255 254 255 255
255 255 255 255 255 230 104 174 181 108 230 255 255 255 255 255
255 255 255 255 255 255 233 130 130 233 255 254 255 255 255 255
