255 255 255 255 255 255 252 192 191 252 255 255 255 255 255 255
255 255 255 255 255 251 188 215 214 186 251 255 255 255 255 255
255 255 255 255 251 191 216 255 255 216 189 251 255 255 255 255
255 255 255 252 190 187 219 215 225 220 188 189 251 255 255 255
255 255 252 188 219 167 111 139 114 132 167 216 187 251 255 255
255 252 188 212 255 208 178 168 173 161 201 255 213 187 252 255
253 188 212 255 249 219 215 205 209 209 218 249 255 212 187 252
194 214 255 250 253 139 99 132 107 102 132 255 250 255 213 194
192 213 255 250 253 201 180 186 189 183 192 248 251 255 215 191
251 185 213 255 248 211 220 199 212 213 198 238 255 214 185 251
255 251 185 215 237 112 119 103 151 114 129 213 219 184 251 255
255 255 251 187 196 190 193 183 182 187 179 200 186 250 255 255
255 255 255 251 186 218 255 254 254 255 219 186 250 255 255 255
255 255 255 255 251 185 214 255 255 215 184 250 255 255 255 255
255 255 255 255 255 251 185 215 216 185 250 255 255 255 255 255
255 255 255 255 255 255 251 192 190 250 255 255 255 255 255 255
