255 255 255 255 255 255 252 166 165 251 255 255 255 255 255 255
255 255 255 255 255 251 159 140 140 158 250 255 255 255 255 255
255 255 255 255 251 161 142 171 171 142 160 251 255 255 255 255
255 255 255 251 160 123 147 145 151 147 124 159 251 255 255 255
255 255 251 160 144 114 78 97 80 92 114 142 158 251 255 255
255 251 160 139 171 140 122 114 118 111 135 171 139 159 251 255
252 160 139 169 166 147 145 139 141 141 146 165 169 139 159 252
168 140 169 166 168 96 71 92 76 73 92 169 166 169 140 166
166 140 169 166 169 136 123 126 128 124 129 165 166 169 141 164
251 157 139 169 165 142 148 134 144 144 133 159 170 140 156 251
255 250 157 141 158 79 83 73 105 80 90 142 143 156 250 255
255 255 250 158 129 128 130 124 123 126 121 132 157 250 255 255
255 255 255 250 157 143 172 170 169 173 144 156 250 255 255 255
255 255 255 255 250 157 140 169 169 140 156 250 255 255 255 255
255 255 255 255 255 250 157 141 141 155 249 255 255 255 255 255
255 255 255 255 255 255 251 164 163 250 255 255 255 255 255 255
