255 255 255 255 255 255 250 125 125 250 255 255 255 255 255 255
255 255 255 254 255 249 117 26 25 116 249 255 255 255 255 255
255 255 255 255 250 118 26 32 32 26 116 249 255 255 255 255
255 255 255 250 117 26 33 33 33 32 26 116 249 255 255 255
255 255 250 117 26 32 32 34 33 33 31 26 116 249 255 255
255 250 118 26 32 33 34 34 33 34 33 32 26 117 250 255
251 119 25 32 33 34 36 35 35 35 34 33 32 26 117 251
128 25 32 32 33 35 35 33 34 33 31 33 32 32 25 127
126 25 32 32 32 34 34 32 34 34 33 33 32 32 25 123
250 115 25 32 33 33 34 34 34 33 33 33 32 25 114 250
255 249 114 25 33 34 33 33 35 31 33 32 26 113 248 255
255 255 248 114 26 34 34 35 34 34 33 25 113 248 255 255
255 255 255 249 114 26 33 32 33 32 26 113 248 255 255 255
255 255 255 255 249 114 26 32 31 25 112 248 255 255 255 255
255 255 255 255 255 249 114 25 25 112 248 255 255 255 255 255
255 255 255 255 255 255 249 122 120 249 255 255 255 255 255 255
