255 255 255 255 255 255 241 106 114 246 255 255 255 255 255 255
255 255 255 255 255 240 99 51 53 107 244 255 255 255 255 255
255 255 255 255 240 100 50 68 68 52 109 244 255 255 255 255
255 255 255 241 101 52 68 68 67 68 53 108 245 255 255 255
255 255 244 102 51 56 55 57 57 58 57 51 112 245 255 255
255 245 110 51 68 42 43 43 38 38 41 67 53 110 245 255
246 111 51 69 66 66 66 63 65 65 65 67 69 52 111 246
120 50 68 68 66 41 41 48 42 43 43 64 68 69 51 124
127 50 68 68 67 50 52 53 52 53 52 65 68 67 51 134
248 116 49 67 66 62 62 60 61 62 61 62 69 52 123 250
255 247 115 50 57 36 40 34 42 37 37 45 53 123 250 255
255 255 247 115 48 62 63 61 60 61 60 49 122 249 255 255
255 255 255 246 114 51 67 68 68 69 53 122 249 255 255 255
255 255 255 255 245 112 48 67 68 52 120 248 255 255 255 255
255 255 255 255 255 246 111 50 51 119 248 255 255 255 255 255
255 255 255 255 255 255 247 122 127 249 255 255 255 255 255 255
