255 255 255 255 255 255 246 133 138 248 255 255 255 255 255 255
255 255 255 255 255 244 126 108 107 131 247 255 255 255 255 255
255 255 255 255 244 127 106 131 131 106 129 247 255 255 255 255
255 255 255 245 127 109 133 131 130 133 108 132 248 255 255 255
255 255 247 129 106 100 101 104 105 104 104 105 133 248 255 255
255 247 133 106 132 68 66 70 59 61 67 129 105 133 248 255
248 133 105 131 128 128 126 122 126 123 124 128 132 105 134 248
144 105 131 130 124 62 64 77 68 67 65 118 130 132 105 146
150 103 131 129 128 90 91 93 93 91 90 120 130 132 104 153
250 139 103 131 126 116 118 113 113 118 115 116 132 104 142 252
255 250 139 107 107 50 61 54 65 55 58 79 106 142 251 255
255 255 249 138 97 117 118 116 113 116 114 95 141 250 255 255
255 255 255 249 138 105 132 130 131 133 106 142 250 255 255 255
255 255 255 255 249 136 104 131 131 104 139 250 255 255 255 255
255 255 255 255 255 249 136 105 105 138 250 255 255 255 255 255
255 255 255 255 255 255 250 144 148 250 255 255 255 255 255 255
