255 255 255 255 255 255 248 179 183 251 255 255 255 255 255 255
255 255 255 255 255 248 177 219 219 179 249 255 255 255 255 255
255 255 255 255 248 177 218 255 255 215 170 248 255 255 255 255
255 255 255 248 179 224 255 255 255 255 221 179 250 255 255 255
255 255 250 179 218 192 194 199 204 201 199 216 178 250 255 255
255 249 180 218 255 123 116 127 106 112 126 254 216 181 249 255
251 181 217 255 254 250 248 241 248 241 246 253 255 215 180 250
185 218 255 255 244 111 115 141 124 119 117 230 255 255 216 187
189 213 255 255 253 171 174 177 178 172 172 237 255 255 213 192
252 185 211 255 249 226 233 222 223 229 226 228 255 212 187 253
255 251 183 216 205 86 108 97 116 97 107 148 215 187 252 255
255 255 251 183 198 227 232 230 222 228 223 194 189 252 255 255
255 255 255 251 184 216 255 255 255 255 217 189 252 255 255 255
255 255 255 255 251 182 213 255 255 213 185 251 255 255 255 255
255 255 255 255 255 251 182 215 214 186 251 255 255 255 255 255
255 255 255 255 255 255 251 186 189 252 255 255 255 255 255 255
