255 255 255 255 255 255 247 116 155 255 255 255 255 255 255 255
255 255 255 255 255 247 94 0 6 147 255 255 255 255 255 255
255 255 255 255 247 95 0 4 3 7 146 255 255 255 255 255
255 255 255 247 94 0 4 5 5 2 6 147 255 255 255 255
255 255 247 95 0 8 10 9 8 9 4 6 147 255 255 255
255 247 94 0 4 11 16 15 15 14 10 2 7 147 255 255
249 94 0 4 5 7 7 8 7 8 7 5 3 7 147 255
115 0 4 5 5 13 16 14 16 16 10 4 5 3 4 177
155 6 3 5 5 9 11 12 12 12 8 5 5 0 26 198
255 147 7 2 5 7 7 9 8 7 8 6 0 28 188 255
255 255 147 6 5 15 14 15 14 15 14 2 28 188 255 255
255 255 255 147 7 4 7 7 8 7 3 28 188 255 255 255
255 255 255 255 147 6 2 5 5 0 28 188 255 255 255 255
255 255 255 255 255 146 7 3 0 28 188 255 255 255 255 255
255 255 255 255 255 255 147 4 26 188 255 255 255 255 255 255
255 255 255 255 255 255 255 176 197 255 255 255 255 255 255 255
