255 255 255 255 255 255 250 186 203 255 255 255 255 255 255 255
255 255 255 255 255 250 177 216 192 194 255 255 255 255 255 255
255 255 255 255 250 177 217 255 254 190 193 255 255 255 255 255
255 255 255 250 177 220 255 253 253 255 192 193 255 255 255 255
255 255 250 177 220 212 198 211 214 204 231 192 193 255 255 255
255 250 177 217 255 168 143 159 138 147 199 255 190 194 255 255
251 177 217 255 250 241 235 225 236 226 241 251 254 190 194 255
186 216 255 250 254 147 130 167 138 137 216 254 250 255 186 210
203 193 254 250 254 194 180 190 193 183 226 253 252 246 171 219
255 194 190 255 246 218 227 208 221 220 207 248 247 169 210 255
255 255 194 194 226 132 150 136 165 137 154 230 171 210 255 255
255 255 255 194 183 239 238 229 227 238 222 168 210 255 255 255
255 255 255 255 194 192 255 253 255 248 172 210 255 255 255 255
255 255 255 255 255 193 190 255 247 169 210 255 255 255 255 255
255 255 255 255 255 255 194 186 171 210 255 255 255 255 255 255
255 255 255 255 255 255 255 210 220 255 255 255 255 255 255 255
