255 255 255 255 255 255 248 142 173 255 255 255 255 255 255 255
255 255 255 255 255 248 125 80 77 164 255 255 255 255 255 255
255 255 255 255 248 125 83 102 100 77 164 255 255 255 255 255
255 255 255 248 125 84 103 101 101 102 78 164 255 255 255 255
255 255 248 125 84 87 82 87 88 84 93 78 164 255 255 255
255 248 125 83 104 71 64 69 61 65 83 102 77 164 255 255
250 125 83 102 100 98 96 92 96 92 97 100 100 77 164 255
141 80 102 100 102 65 59 73 61 61 90 101 100 101 73 188
173 77 100 100 101 80 76 80 81 78 93 101 101 96 81 206
255 164 77 100 99 90 92 85 91 91 85 100 96 81 196 255
255 255 164 78 91 59 65 60 72 60 67 90 82 196 255 255
255 255 255 164 75 96 96 93 93 96 88 81 196 255 255 255
255 255 255 255 164 78 101 101 102 96 82 196 255 255 255 255
255 255 255 255 255 164 77 101 96 81 196 255 255 255 255 255
255 255 255 255 255 255 165 73 81 196 255 255 255 255 255 255
255 255 255 255 255 255 255 188 205 255 255 255 255 255 255 255
