255 255 255 255 199 132 135 135 135 135 132 198 255 255 255 255
255 255 255 193 54 35 37 38 38 37 35 55 192 255 255 255
255 255 193 55 41 45 45 45 45 45 45 40 54 192 255 255
255 193 55 40 45 45 45 45 45 45 45 45 40 54 192 255
198 53 35 40 42 40 39 43 40 41 41 43 39 34 52 198
130 42 159 172 102 174 180 92 121 190 88 98 182 162 55 129
129 98 172 111 100 139 162 75 187 103 173 140 138 134 144 127
132 57 191 122 31 118 139 86 160 39 175 152 175 175 126 127
135 39 56 184 97 115 141 87 159 38 174 152 174 102 42 134
128 124 123 147 121 115 144 60 187 103 173 142 120 31 37 134
129 57 174 162 51 93 110 35 125 189 87 102 96 41 35 131
199 53 35 39 43 43 42 45 40 41 41 42 43 41 55 198
255 192 54 40 45 45 45 45 45 45 45 45 41 55 192 255
255 255 192 55 40 45 45 45 45 45 45 40 55 191 255 255
255 255 255 192 54 35 38 38 38 38 35 55 192 255 255 255
255 255 255 255 198 132 135 135 135 134 131 198 255 255 255 255
