255 255 255 252 234 220 220 220 220 220 220 235 251 255 255 255
255 255 251 238 203 189 191 191 191 191 189 205 239 251 255 255
255 251 238 202 189 192 192 192 192 192 192 189 203 239 251 255
251 237 202 189 192 192 192 192 192 192 192 192 189 204 239 251
234 203 189 190 191 191 190 191 191 190 192 191 190 188 205 235
219 189 194 214 197 207 214 205 197 214 194 201 214 200 189 223
220 189 211 206 212 203 222 200 216 206 213 209 208 219 192 224
220 189 209 215 195 191 210 195 207 187 210 213 198 216 193 224
220 191 192 210 218 192 211 197 206 188 208 218 223 206 190 224
220 189 212 195 213 193 211 193 216 195 214 208 193 190 191 223
220 188 199 223 207 191 203 190 205 222 199 200 194 192 190 223
235 204 188 190 191 192 191 192 191 190 191 191 192 188 208 236
251 239 204 190 192 192 192 192 192 192 192 192 189 207 241 251
255 251 239 203 189 192 192 192 192 192 192 188 207 241 251 255
255 255 251 239 205 190 191 191 191 191 190 208 241 251 255 255
255 255 255 252 235 222 223 224 224 224 224 236 251 255 255 255
