255 255 255 255 243 213 210 206 207 211 219 245 255 255 255 255
255 255 255 243 122 51 48 47 53 61 66 158 242 255 255 255
255 255 242 122 44 43 43 50 57 60 51 45 148 243 255 255
255 243 121 44 44 44 50 58 61 53 45 38 46 159 244 255
243 121 39 40 41 45 54 60 49 41 40 42 47 56 163 241
212 53 137 153 94 173 169 70 140 150 49 127 181 124 82 212
206 80 167 108 90 160 127 88 142 136 112 164 110 174 101 208
206 49 161 145 50 138 96 103 110 99 139 163 171 164 83 208
206 65 64 169 93 126 94 106 123 107 135 154 113 47 71 210
205 108 174 171 79 123 104 78 183 178 91 151 67 28 72 210
218 65 112 102 36 74 75 56 111 114 42 76 49 30 81 210
245 158 39 32 46 52 59 59 46 39 39 35 33 61 161 229
255 243 148 45 52 62 59 52 45 39 38 34 61 162 224 255
255 255 243 160 61 53 47 40 35 34 31 61 163 225 255 255
255 255 255 244 162 83 78 74 73 73 81 161 224 255 255 255
255 255 255 255 241 212 209 210 210 210 210 229 255 255 255 255
