255 255 255 238 131 97 100 103 105 97 95 131 238 255 255 255
255 255 236 137 55 6 22 60 79 53 10 54 138 236 255 255
255 236 140 59 0 0 0 20 45 63 54 5 53 140 237 255
240 143 100 36 6 0 0 0 9 30 60 55 3 52 141 240
136 80 65 120 62 45 49 35 15 76 43 81 96 24 54 138
97 7 157 244 193 214 253 190 156 241 140 160 250 206 26 95
98 3 201 142 143 124 235 88 206 121 194 170 160 228 95 103
99 0 171 230 82 70 227 86 217 97 204 174 203 231 74 108
99 2 31 194 211 62 225 100 223 112 203 174 216 105 17 103
98 7 151 112 218 51 223 79 218 162 195 177 111 0 4 98
97 0 161 242 158 25 211 48 163 247 154 176 107 0 2 98
145 61 8 52 10 2 28 11 40 89 69 84 47 1 62 145
242 151 59 0 0 0 0 0 7 27 48 62 61 80 149 243
255 240 152 61 0 0 0 6 6 9 31 44 98 153 240 255
255 255 240 152 62 5 4 17 17 3 11 77 151 240 255 255
255 255 255 241 145 97 95 94 94 95 96 144 242 255 255 255
