255 255 255 255 242 210 207 203 203 207 215 245 255 255 255 255
255 255 255 242 111 33 30 29 36 43 49 150 243 255 255 255
255 255 242 110 26 27 26 33 40 43 33 27 140 243 255 255
255 242 110 26 28 27 33 41 44 36 28 20 28 151 245 255
243 110 21 23 24 28 36 43 32 23 22 24 29 38 154 240
210 35 126 144 81 165 160 55 130 142 31 115 173 111 66 212
203 65 160 95 75 151 116 75 134 126 100 156 96 165 87 207
202 32 152 134 31 126 83 91 98 84 129 153 164 157 69 207
203 49 46 161 80 114 80 93 112 94 124 145 102 30 56 209
202 94 166 163 66 113 91 62 176 170 77 142 53 10 59 210
215 48 99 89 19 59 59 39 97 101 24 60 33 13 68 210
245 149 21 15 29 35 42 42 29 21 22 17 15 46 157 229
255 243 140 28 35 44 42 35 28 22 21 16 46 159 225 255
255 255 243 151 43 35 29 23 17 16 14 46 159 225 255 255
255 255 255 245 155 69 64 59 58 58 67 158 225 255 255 255
255 255 255 255 241 212 210 209 209 209 209 229 255 255 255 255
