255 255 255 255 244 231 229 226 226 230 233 242 255 255 255 255
255 255 255 244 197 169 163 162 169 176 179 204 238 255 255 255
255 255 244 196 167 162 162 169 176 178 170 161 195 238 255 255
255 245 195 167 163 162 168 176 179 172 162 157 163 205 240 255
245 196 164 160 161 166 174 179 170 160 157 162 169 176 207 237
231 168 198 204 184 219 219 177 199 201 164 199 223 200 177 213
228 175 210 188 187 215 197 178 197 197 194 216 191 216 181 211
226 163 210 207 173 205 182 182 188 188 208 215 214 209 171 210
226 174 176 217 185 195 178 186 198 194 204 208 187 159 166 211
227 193 219 215 175 192 186 180 222 220 183 204 166 153 167 211
233 179 193 184 156 174 180 177 194 192 160 170 160 154 171 210
242 205 159 155 164 172 179 177 168 160 157 155 155 166 184 226
255 238 195 163 172 180 177 170 163 157 156 155 165 184 220 255
255 255 238 205 178 174 168 161 155 155 154 166 185 220 255 255
255 255 255 240 207 179 173 168 167 168 171 184 220 255 255 255
255 255 255 255 238 213 211 211 211 212 210 226 255 255 255 255
