255 255 255 255 227 201 203 203 203 203 201 227 255 255 255 255
255 255 255 225 176 172 173 173 173 172 171 177 225 255 255 255
255 255 225 176 174 175 175 175 175 175 175 173 175 225 255 255
255 225 175 173 175 175 175 175 175 175 175 175 173 176 225 255
226 176 171 172 174 173 172 174 173 172 173 174 172 170 175 226
200 173 216 221 192 221 224 191 200 227 188 192 225 217 177 200
200 193 219 196 193 208 217 183 225 193 220 207 205 205 210 199
201 178 228 201 168 202 210 188 216 171 221 210 222 221 203 199
202 171 176 225 193 200 210 189 216 171 221 211 220 194 172 202
199 203 201 210 202 200 211 178 226 192 220 207 200 170 172 202
200 179 221 217 176 191 198 171 203 226 188 195 192 173 171 201
227 176 171 172 175 174 173 175 173 172 173 174 174 174 176 226
255 225 175 174 175 175 175 175 175 175 175 175 174 176 225 255
255 255 225 176 173 175 175 175 175 175 175 174 176 225 255 255
255 255 255 225 176 172 172 172 172 172 171 176 225 255 255 255
255 255 255 255 226 201 203 203 203 203 200 226 255 255 255 255
