255 255 255 255 222 167 168 168 167 166 167 227 255 255 255 255
255 255 255 224 59 0 0 0 0 0 0 70 231 255 255 255
255 255 224 59 0 0 0 0 0 0 0 0 70 231 255 255
255 225 59 0 0 0 0 0 0 0 0 0 0 69 230 255
223 61 0 0 0 0 0 0 0 0 0 0 0 0 69 227
167 0 19 103 37 72 101 63 35 105 20 46 102 44 0 180
166 0 92 81 105 59 149 53 119 76 107 105 85 124 5 179
167 0 86 109 26 5 96 35 88 0 97 116 42 117 9 178
168 0 12 89 126 8 97 39 83 0 90 135 146 71 0 179
168 0 98 33 110 18 103 14 115 29 112 101 19 0 0 179
170 0 42 144 75 0 63 0 65 139 45 54 12 0 0 180
226 69 0 0 0 0 0 0 0 0 0 0 0 0 82 231
255 230 69 0 0 0 0 0 0 0 0 0 0 80 236 254
255 255 231 70 0 0 0 0 0 0 0 0 79 236 254 255
255 255 255 231 70 0 0 0 0 0 0 79 236 254 255 255
255 255 255 255 228 179 179 180 180 180 180 231 254 255 255 255
