255 255 255 237 133 104 103 102 104 105 105 132 237 255 255 255
255 255 236 139 85 44 46 65 73 58 45 84 139 236 255 255
255 236 140 83 38 41 41 46 52 57 55 39 84 141 236 255
240 142 95 42 40 38 37 38 40 41 55 53 34 82 142 239
138 86 61 113 66 73 82 71 55 98 54 78 95 54 85 140
106 39 163 244 189 212 254 201 172 244 154 169 249 207 54 105
108 46 210 146 143 118 234 106 214 143 205 184 166 228 92 105
108 41 185 231 88 70 225 85 220 123 212 187 210 232 76 107
109 44 64 204 214 73 225 93 222 125 211 187 222 127 44 106
108 49 166 135 224 78 225 79 216 158 203 187 134 26 46 107
107 40 176 244 173 63 217 59 164 246 153 176 133 33 45 107
146 89 46 84 50 44 66 43 52 90 63 77 59 36 91 146
242 152 88 32 40 42 39 41 40 40 50 56 54 89 151 242
255 239 153 89 37 41 41 47 46 41 44 46 94 151 239 255
255 255 239 154 90 44 45 57 57 45 44 87 151 239 255 255
255 255 255 241 147 106 105 104 104 105 106 146 241 255 255 255
