255 255 255 255 195 124 127 127 127 127 124 195 255 255 255 255
255 255 255 188 41 20 22 22 22 22 20 40 188 255 255 255
255 255 188 40 25 30 30 30 30 30 30 25 41 188 255 255
255 188 40 25 30 30 30 30 30 30 30 30 25 40 188 255
195 39 20 25 26 24 24 28 25 26 26 27 24 18 38 195
122 28 152 166 91 167 174 81 111 185 75 87 177 156 41 121
120 86 166 101 89 129 154 61 182 93 167 132 130 125 136 118
124 42 187 112 15 109 130 74 152 23 169 144 170 168 116 119
127 24 42 179 86 105 132 75 152 23 168 144 168 92 27 126
119 115 113 139 112 104 136 46 182 92 167 134 110 15 21 127
120 42 168 156 37 81 100 20 116 184 74 91 85 25 20 124
195 38 20 25 28 28 27 30 25 26 26 27 28 26 41 195
255 188 40 25 30 30 30 30 30 30 30 30 25 40 188 255
255 255 188 40 25 30 30 30 30 30 30 25 41 188 255 255
255 255 255 188 41 20 22 22 22 22 20 40 188 255 255 255
255 255 255 255 195 124 127 127 127 127 123 195 255 255 255 255
