255 255 255 255 222 167 168 168 168 167 167 227 255 255 255 255
255 255 255 224 59 0 0 0 0 0 0 70 230 255 255 255
255 255 224 59 0 0 0 0 0 0 0 0 71 231 255 255
255 224 60 0 0 0 0 0 0 0 0 0 0 70 230 254
222 61 0 0 0 0 0 0 0 0 0 0 0 0 70 227
167 0 19 103 37 72 101 63 35 105 21 47 103 45 0 180
167 0 93 82 106 60 150 54 119 78 107 106 87 125 6 178
168 0 86 109 27 5 96 36 88 0 96 117 42 117 10 178
168 0 12 88 126 10 98 40 83 0 90 135 146 72 0 179
168 0 99 34 111 19 103 15 116 30 113 101 19 0 0 179
169 0 42 144 76 1 63 0 65 140 46 55 13 0 0 180
226 70 0 0 0 0 0 0 0 0 0 0 0 0 83 231
255 230 70 0 0 0 0 0 0 0 0 0 0 81 236 253
255 255 231 70 0 0 0 0 0 0 0 0 79 235 254 255
255 255 255 231 71 0 0 0 0 0 0 80 235 254 255 255
255 255 255 255 228 179 179 179 179 179 180 231 254 255 255 255
