255 255 255 234 138 141 141 141 142 142 141 138 234 255 255 255
255 255 233 144 193 203 204 210 214 209 204 192 144 233 255 255
255 233 146 192 197 195 195 197 201 204 203 198 192 145 233 255
237 147 199 202 195 194 194 194 196 197 204 203 197 191 147 237
144 195 208 218 205 203 204 201 197 210 201 208 212 202 193 144
141 202 228 251 236 242 254 238 228 250 225 230 253 241 206 140
143 201 241 223 224 219 249 212 241 220 238 234 228 246 218 143
143 200 233 247 209 206 247 210 244 214 240 234 240 247 213 143
143 201 199 239 242 204 246 213 245 217 240 234 244 216 202 142
143 202 227 218 245 204 246 208 244 228 238 235 219 191 202 142
141 202 230 251 230 199 243 202 229 252 227 233 218 193 203 141
150 194 198 206 196 195 201 196 200 211 206 209 202 197 194 150
239 155 194 195 194 195 194 195 195 197 201 204 207 196 155 240
255 236 156 194 197 195 195 196 196 195 198 203 200 157 237 255
255 255 236 157 196 203 202 205 205 202 204 197 157 236 255 255
255 255 255 238 151 141 141 141 141 141 141 151 239 255 255 255
