131 40 43 43 43 43 43 43 43 43 43 43 44 44 41 110
157 0 0 0 0 0 0 0 0 0 0 0 0 0 0 132
244 47 0 1 34 66 66 67 66 66 66 39 0 0 30 234
255 160 0 0 142 255 239 235 243 237 255 167 0 0 136 255
255 244 52 0 54 222 157 151 193 165 222 74 0 35 234 255
255 255 166 1 0 151 220 188 192 190 164 4 0 142 255 255
255 255 247 57 0 44 244 255 255 253 64 0 39 237 255 255
255 255 255 173 2 0 151 255 255 175 1 0 149 255 255 255
255 255 255 249 63 0 38 241 251 58 0 43 240 255 255 255
255 255 255 255 178 2 0 148 171 1 0 155 255 255 255 255
255 255 255 255 250 68 0 13 17 0 48 242 255 255 255 255
255 255 255 255 255 184 4 0 0 0 161 255 255 255 255 255
255 255 255 255 255 252 73 0 2 52 245 255 255 255 255 255
255 255 255 255 255 255 189 6 1 167 255 255 255 255 255 255
255 255 255 255 255 255 253 73 50 247 255 255 255 255 255 255
255 255 255 255 255 255 255 219 212 255 255 255 255 255 255 255
