206 197 198 197 196 197 197 197 196 196 196 197 197 197 196 212
187 170 172 172 170 170 170 170 170 170 170 171 172 172 170 196
226 172 175 176 191 195 195 195 195 195 195 190 174 174 173 234
251 190 172 176 243 255 255 255 255 255 255 235 173 172 198 254
255 227 172 171 209 246 219 219 235 223 246 199 171 174 235 255
254 252 193 171 177 234 220 210 220 213 222 174 171 202 254 255
255 255 231 173 171 203 254 249 247 248 194 171 175 239 255 255
255 255 253 196 171 175 240 255 255 232 173 171 205 255 255 255
255 255 255 234 174 171 201 255 254 193 171 177 241 255 255 255
255 255 255 254 200 171 174 240 231 172 171 209 255 255 255 255
255 255 255 255 237 175 172 192 188 171 180 244 255 255 255 255
255 255 255 255 254 203 171 172 173 171 213 255 255 255 255 255
255 255 255 255 255 240 177 174 173 182 246 255 255 255 255 255
255 255 255 255 255 255 207 171 171 216 255 255 255 255 255 255
255 255 255 255 255 255 242 177 183 248 255 255 255 255 255 255
255 255 255 255 255 255 255 226 231 255 255 255 255 255 255 255
