255 255 255 255 255 255 255 255 255 255 255 255 255 255 255 255
252 248 248 248 248 248 248 249 249 249 249 249 249 249 249 252
171 59 64 64 64 64 64 64 64 64 64 64 64 64 60 181
182 6 0 0 0 0 0 0 0 0 0 0 0 0 10 192
252 95 0 0 26 100 103 103 101 103 98 22 0 0 106 254
255 209 24 0 69 244 212 206 229 214 247 57 0 30 216 255
255 255 129 0 1 163 187 155 183 172 149 0 0 140 255 255
255 255 230 46 0 49 241 247 244 230 39 0 55 235 255 255
255 255 255 162 1 0 141 255 255 128 0 4 173 255 255 255
255 255 255 245 75 0 24 229 219 17 0 86 248 255 255 255
255 255 255 255 192 13 0 75 69 0 18 201 255 254 255 255
255 255 255 255 254 108 0 0 0 0 119 255 255 254 255 255
255 255 255 255 255 217 31 0 0 39 224 255 254 254 255 255
255 255 255 255 255 255 142 0 0 153 255 254 254 254 255 255
255 255 255 255 254 255 236 51 61 241 255 255 255 255 255 255
255 255 255 254 254 254 255 214 218 255 255 255 255 255 255 255
