255 255 255 255 255 255 255 255 255 255 255 255 255 255 255 255
248 242 242 242 242 242 242 243 243 243 243 243 243 243 242 249
229 245 245 245 245 245 245 244 244 244 244 244 244 244 244 230
231 254 255 255 255 255 255 254 254 254 254 254 254 254 253 232
243 240 255 254 253 253 253 253 253 253 253 253 253 254 238 244
254 232 251 255 253 253 252 252 253 252 254 252 254 249 233 255
255 246 236 255 254 252 251 250 251 250 252 253 254 235 248 255
255 255 235 247 254 252 254 254 254 253 252 255 245 236 255 255
255 255 250 233 254 253 253 255 254 252 254 254 232 251 255 255
255 255 255 239 242 254 253 253 253 253 255 241 240 255 255 255
255 255 255 253 232 252 253 252 253 254 251 232 254 254 255 255
255 255 255 255 244 238 255 254 254 255 237 245 255 254 255 255
255 255 255 255 255 233 249 254 255 248 234 255 254 254 255 255
255 255 255 255 255 248 234 255 255 233 249 255 254 254 255 255
255 255 255 255 254 255 236 245 244 238 255 255 255 255 255 255
255 255 255 254 254 254 252 234 235 253 255 255 255 255 255 255
