218 224 224 224 224 224 224 224 224 224 224 224 224 224 224 219
226 242 240 240 240 240 240 240 240 240 240 241 241 241 242 227
237 235 239 239 241 241 241 241 242 241 242 241 239 239 236 236
251 229 239 238 249 249 246 246 247 248 248 249 238 240 229 250
255 236 235 238 243 249 246 243 245 245 245 243 239 235 235 255
255 251 229 239 238 248 252 250 249 249 246 239 239 229 250 255
255 255 237 234 239 242 255 255 255 255 242 239 235 236 255 255
255 255 251 229 239 238 249 255 255 249 238 239 229 251 255 255
255 255 255 237 234 239 241 254 254 242 239 235 237 255 255 255
255 255 255 251 229 239 238 249 249 238 240 229 251 255 255 255
255 255 255 255 237 234 239 241 241 239 234 237 255 255 255 255
255 255 255 255 251 229 239 239 239 239 229 252 255 255 255 255
255 255 255 255 255 238 234 239 240 234 238 255 255 255 255 255
255 255 255 255 255 252 229 239 239 229 252 255 255 255 255 255
255 255 255 255 255 255 238 235 234 239 255 255 255 255 255 255
255 255 255 255 255 255 253 225 225 253 255 255 255 255 255 255
