155 116 120 120 120 120 120 120 119 119 119 119 119 119 116 153
143 68 74 74 70 69 69 69 69 69 69 70 74 74 68 138
224 87 75 78 110 117 117 117 116 118 119 111 79 76 84 219
255 147 71 76 208 213 192 184 207 210 209 213 77 71 141 254
255 222 87 70 130 207 179 157 186 184 181 132 70 85 218 255
255 255 149 71 76 196 238 218 217 215 186 78 71 145 254 255
255 255 223 89 70 123 255 255 255 255 128 69 87 221 255 255
255 255 255 151 71 75 204 255 255 205 75 71 149 255 255 255
255 255 255 225 90 70 121 253 253 121 70 89 224 255 255 255
255 255 255 255 153 71 74 208 208 74 71 153 255 255 255 255
255 255 255 255 226 91 71 111 111 71 91 227 255 255 255 255
255 255 255 255 255 155 72 75 74 72 157 255 255 255 255 255
255 255 255 255 255 228 92 75 75 94 230 255 255 255 255 255
255 255 255 255 255 255 158 72 72 161 255 255 255 255 255 255
255 255 255 255 255 255 230 90 92 232 255 255 255 255 255 255
255 255 255 255 255 255 255 176 176 255 255 255 255 255 255 255
