236 239 241 241 241 241 240 240 240 241 241 241 241 240 238 237
242 249 254 254 254 255 255 250 250 255 254 254 254 254 251 241
249 242 251 251 244 243 244 243 243 244 243 244 253 254 243 248
253 242 248 250 243 252 247 248 250 249 252 244 251 251 240 254
255 249 241 253 244 245 224 223 236 228 242 244 252 242 246 254
255 254 242 249 249 242 241 233 235 232 240 247 250 241 253 254
255 255 249 241 252 243 252 255 255 253 243 252 241 247 255 255
255 254 253 242 248 249 244 255 255 245 248 249 241 254 255 255
255 255 255 250 241 253 243 250 252 242 252 241 248 255 255 255
255 255 255 254 243 249 250 244 244 248 249 241 253 255 255 255
255 255 255 255 249 241 252 248 247 253 242 249 255 255 255 255
255 255 255 255 254 242 246 253 253 249 242 253 255 255 255 255
255 255 255 255 255 250 241 248 249 242 249 255 255 255 255 255
255 255 255 255 255 255 243 245 247 242 254 255 255 255 255 255
255 255 255 255 255 255 252 240 240 249 255 255 255 255 255 255
255 255 255 255 255 255 254 245 243 253 255 255 255 255 255 255
