153 113 117 117 117 117 117 117 117 116 116 116 116 116 113 151
141 64 70 69 66 65 65 65 65 65 65 66 69 70 64 135
223 83 71 74 106 114 114 114 113 114 116 108 75 72 80 218
255 145 67 72 206 212 191 182 205 209 207 212 73 67 139 254
255 221 84 66 127 206 177 155 185 182 179 130 66 81 217 255
255 255 147 67 72 195 238 217 216 215 184 74 66 143 254 255
255 255 223 85 66 120 255 255 255 255 124 65 83 220 255 255
255 255 255 149 67 70 202 255 255 204 71 67 147 255 255 255
255 255 255 225 86 66 117 253 253 118 65 85 224 255 255 255
255 255 255 255 151 67 70 206 206 70 67 151 255 255 255 255
255 255 255 255 226 87 67 107 107 67 87 226 255 255 255 255
255 255 255 255 255 153 68 71 70 68 155 255 255 255 255 255
255 255 255 255 255 228 88 71 71 90 229 255 255 255 255 255
255 255 255 255 255 255 156 67 67 159 255 255 255 255 255 255
255 255 255 255 255 255 229 86 89 232 255 255 255 255 255 255
255 255 255 255 255 255 255 174 175 255 255 255 255 255 255 255
