142 105 108 108 108 107 107 107 107 108 108 108 108 108 104 158
82 17 23 22 16 15 15 15 15 16 16 17 23 23 14 110
193 28 28 36 89 96 96 96 96 95 96 84 32 27 36 212
252 91 20 43 229 255 255 255 255 255 255 209 32 20 114 255
255 196 31 21 136 240 185 183 215 194 239 111 20 40 215 255
255 253 101 19 45 211 191 167 187 177 183 36 20 125 255 255
255 255 205 35 19 125 255 243 240 243 100 19 46 223 255 255
255 255 255 111 19 40 220 255 255 201 30 20 136 255 255 255
255 255 255 214 39 18 117 255 253 93 19 53 230 255 255 255
255 255 255 255 122 19 36 221 198 28 21 147 255 255 255 255
255 255 255 255 221 44 22 89 76 21 59 236 255 255 255 255
255 255 255 255 255 132 22 25 26 23 157 255 255 255 255 255
255 255 255 255 255 227 50 26 25 67 241 255 255 255 255 255
255 255 255 255 255 255 143 21 24 167 255 255 255 255 255 255
255 255 255 255 255 255 234 50 70 245 255 255 255 255 255 255
255 255 255 255 255 255 255 195 206 255 255 255 255 255 255 255
