131 41 44 44 44 44 44 44 44 44 44 44 44 44 39 110
155 0 0 0 0 0 0 0 0 0 0 0 0 0 0 133
244 48 0 2 34 66 66 67 66 66 66 40 1 0 31 234
255 160 0 0 142 255 239 234 243 238 255 166 0 0 136 255
255 244 52 0 54 221 157 152 192 166 223 75 0 35 234 255
255 255 166 1 0 151 219 189 193 191 164 4 0 143 255 254
255 255 246 58 0 43 245 255 255 253 65 0 39 237 255 255
255 255 255 173 2 0 151 255 255 175 1 0 149 255 255 255
255 255 255 248 63 0 39 241 251 57 0 44 240 255 255 255
255 255 255 255 178 2 0 148 170 0 0 156 255 255 255 255
255 255 255 255 250 68 0 13 16 0 47 242 255 255 255 255
255 255 255 255 255 185 4 0 0 0 161 255 255 255 255 255
255 255 255 255 255 251 73 0 1 53 244 255 255 255 255 255
255 255 255 255 255 255 189 5 1 167 255 255 255 255 255 255
255 255 255 255 255 255 252 73 50 247 255 255 255 255 255 255
255 255 255 255 255 255 255 220 211 255 255 255 255 255 255 255
