149 115 118 118 117 117 117 117 116 117 117 117 118 118 114 164
94 32 38 38 33 32 32 32 32 32 32 33 39 39 31 120
197 43 43 50 101 107 107 106 107 107 107 96 47 43 50 214
252 103 37 57 231 255 255 255 255 255 255 212 48 36 124 255
255 199 46 36 144 242 191 188 218 198 240 121 35 56 218 255
255 253 111 36 60 214 195 175 193 184 189 50 36 133 255 255
255 255 208 49 35 134 254 244 241 244 110 34 61 225 255 255
255 255 254 120 35 55 222 255 255 205 44 36 143 255 255 255
255 255 255 215 53 35 127 255 253 104 35 65 231 255 255 255
255 255 255 255 130 36 51 224 202 42 37 154 255 255 255 255
255 255 255 255 223 58 36 101 88 36 73 237 255 255 255 255
255 255 255 255 255 141 37 40 41 38 163 255 255 255 255 255
255 255 255 255 255 230 64 41 40 78 241 255 255 255 255 255
255 255 255 255 255 255 150 38 39 174 255 255 255 255 255 255
255 255 255 255 255 255 235 63 82 246 255 255 255 255 255 255
255 255 255 255 255 255 255 199 210 255 255 255 255 255 255 255
